45
NIPNI      0.00000000  0.06489289  0.04044490  0.03215942  0.12486977  0.05297787  0.04228766  0.02740340  0.03189685  0.06009476  0.06442082  0.04266021  0.06059219  0.03840803  0.03785559  0.04437972  0.06930850  0.07387023  0.07219767  0.07357240  0.06640645  0.05746089  0.04035996  0.03540286  0.02841809  0.04040598  0.11216102  0.04168512  0.04365539  0.13703707  0.04704887  0.08994667  0.06899363  0.03175390  0.07570640  0.03409721  0.06162794  0.03078778  0.03260433  0.09066760  0.03550197  0.02610076  0.03390928  0.03840190  0.13550932  
CALAN      0.06489289  0.00000000  0.06502775  0.06041490  0.13440564  0.08386438  0.06930941  0.06086966  0.05963561  0.08579119  0.07914235  0.07388271  0.07561526  0.06257602  0.06805659  0.06842049  0.09391053  0.08548895  0.09437340  0.07050733  0.09539922  0.07338321  0.07413792  0.06818099  0.05909554  0.07086770  0.11255013  0.06764092  0.07337584  0.14031063  0.07612918  0.09545107  0.09214406  0.06363702  0.08825809  0.06376063  0.08144956  0.06106440  0.06206994  0.09798461  0.06641965  0.05845461  0.06292757  0.07050247  0.14206483  
TYTAL      0.04044490  0.06502775  0.00000000  0.03562177  0.12619243  0.06327820  0.04487832  0.03529020  0.03454758  0.06333285  0.06199203  0.04943997  0.06046919  0.04485251  0.04448496  0.04490786  0.07142233  0.07416808  0.07624262  0.07632012  0.07553420  0.05669901  0.05131992  0.04060257  0.03551712  0.04573593  0.11400679  0.04510166  0.04903077  0.13711524  0.05196350  0.09430164  0.07485911  0.03901831  0.07800204  0.04052437  0.06210024  0.03691025  0.03892486  0.08865473  0.04175195  0.03446824  0.03816674  0.04452419  0.13967881  
HALAL      0.03215942  0.06041490  0.03562177  0.00000000  0.12686579  0.05608669  0.04258091  0.02855116  0.00088042  0.06197697  0.05953829  0.04167724  0.05592726  0.03992022  0.03742130  0.04118344  0.06552866  0.07060467  0.07328589  0.07519328  0.06970961  0.05221768  0.04353299  0.03421302  0.02961195  0.03921941  0.11184603  0.04009369  0.04505550  0.13586014  0.04827798  0.09135082  0.07037492  0.03280141  0.07292512  0.03412998  0.05732890  0.03027795  0.03329257  0.09023821  0.03586604  0.02785955  0.03077910  0.04026437  0.13703027  
CORBR      0.12486977  0.13440564  0.12619243  0.12686579  0.00000000  0.12876136  0.12948062  0.12646627  0.12609074  0.11863799  0.12296756  0.13011562  0.12896288  0.12381331  0.12969273  0.12946080  0.14662773  0.13795893  0.13817352  0.12246157  0.12998249  0.11860915  0.13115088  0.12490737  0.12487265  0.13274189  0.11866755  0.13473052  0.12460704  0.03701257  0.12538492  0.09425229  0.12000991  0.12408582  0.13712344  0.12883896  0.14606749  0.12704713  0.12732181  0.08360523  0.12612415  0.12432495  0.13057995  0.12438975  0.03442697  
EURHE      0.05297787  0.08386438  0.06327820  0.05608669  0.12876136  0.00000000  0.06471196  0.05410177  0.05611377  0.07427712  0.08108365  0.06412070  0.07768565  0.06086200  0.06166157  0.06301039  0.08640703  0.08873204  0.09191844  0.08979898  0.08779056  0.07329624  0.06600130  0.05544827  0.05324320  0.06123758  0.11692853  0.06485911  0.06369798  0.14009706  0.06632794  0.09784782  0.08265259  0.05513266  0.09101779  0.05528661  0.08509535  0.05561574  0.05963743  0.10249695  0.06006206  0.05197693  0.05765828  0.06157847  0.13907823  
CHLUN      0.04228766  0.06930941  0.04487832  0.04258091  0.12948062  0.06471196  0.00000000  0.04156155  0.04105728  0.07048340  0.07351571  0.05193489  0.06565588  0.04920857  0.04678456  0.04839219  0.07126983  0.07723526  0.07843877  0.07725862  0.07924333  0.06205265  0.05572014  0.04489065  0.03996264  0.04976562  0.11357486  0.04956428  0.05082603  0.13903475  0.05278699  0.09566119  0.07218658  0.04345283  0.08098460  0.04418261  0.06945938  0.04199932  0.04331255  0.09040048  0.04454873  0.03876551  0.04351122  0.04879750  0.14299587  
FULGL      0.02740340  0.06086966  0.03529020  0.02855116  0.12646627  0.05410177  0.04156155  0.00000000  0.02764068  0.05881223  0.05924157  0.04129242  0.05643232  0.03620496  0.03426332  0.03986481  0.06397699  0.06806264  0.07068275  0.07355098  0.06991432  0.05348995  0.03823119  0.03213887  0.02334975  0.03893759  0.11274545  0.03831760  0.04234052  0.13956613  0.04684886  0.09009044  0.07137256  0.02858422  0.07091538  0.03061253  0.05617126  0.02691540  0.02941838  0.09081232  0.03376733  0.02185542  0.03244769  0.03861826  0.13982024  
HALLE      0.03189685  0.05963561  0.03454758  0.00088042  0.12609074  0.05611377  0.04105728  0.02764068  0.00000000  0.06135196  0.05983463  0.04123517  0.05512044  0.03965792  0.03679514  0.04015085  0.06515571  0.06998916  0.07236286  0.07283813  0.07129708  0.05139918  0.04365942  0.03400523  0.02887713  0.03995155  0.11088423  0.03943023  0.04398521  0.13651801  0.04778804  0.09105688  0.07035397  0.03251526  0.07230264  0.03320160  0.05671722  0.02921781  0.03247531  0.08943449  0.03515586  0.02712648  0.03028714  0.03876002  0.13799868  
APAVI      0.06009476  0.08579119  0.06333285  0.06197697  0.11863799  0.07427712  0.07048340  0.05881223  0.06135196  0.00000000  0.07844375  0.06936644  0.08239778  0.06695618  0.06627674  0.06911502  0.09332328  0.09327354  0.09768919  0.09402212  0.09606291  0.07535878  0.07098853  0.06199654  0.05889644  0.06089166  0.11974710  0.06813574  0.06488031  0.12919046  0.07252152  0.09979527  0.08143257  0.06270847  0.09841575  0.06569133  0.08962598  0.06038530  0.06242508  0.09664385  0.06298338  0.05782105  0.06192585  0.06119535  0.13150005  
COLST      0.06442082  0.07914235  0.06199203  0.05953829  0.12296756  0.08108365  0.07351571  0.05924157  0.05983463  0.07844375  0.00000000  0.07130371  0.07562165  0.06121810  0.06392572  0.06766046  0.09334301  0.08426515  0.09496224  0.08416567  0.10088557  0.07031750  0.07068814  0.06301682  0.06013688  0.06652636  0.11332999  0.06671620  0.06662818  0.13298564  0.07291566  0.09196412  0.08829013  0.06058445  0.08895214  0.06370504  0.08639366  0.06129388  0.06256751  0.09407542  0.06491143  0.05865129  0.06165974  0.06665870  0.13579065  
OPHHO      0.04266021  0.07388271  0.04943997  0.04167724  0.13011562  0.06412070  0.05193489  0.04129242  0.04123517  0.06936644  0.07130371  0.00000000  0.07029010  0.04896879  0.04886050  0.05305068  0.07867230  0.08090999  0.07983844  0.08371527  0.07466045  0.06638091  0.05477729  0.04331597  0.04103098  0.04801188  0.12055056  0.05033239  0.05263623  0.14034782  0.05630240  0.09924547  0.07615222  0.04439050  0.08303968  0.04496674  0.07199795  0.04230154  0.04493865  0.09783293  0.04649513  0.04011518  0.04325103  0.04945578  0.14055320  
MELUN      0.06059219  0.07561526  0.06046919  0.05592726  0.12896288  0.07768565  0.06565588  0.05643232  0.05512044  0.08239778  0.07562165  0.07029010  0.00000000  0.06195442  0.06346649  0.06372143  0.08815651  0.08367319  0.09054076  0.07963931  0.09246664  0.02958629  0.07315257  0.06315685  0.05552653  0.06447138  0.11230549  0.06367025  0.06699993  0.13837773  0.06822950  0.09211960  0.09115785  0.05945681  0.08644386  0.05964394  0.07987153  0.05767173  0.05946360  0.09436718  0.06045020  0.05535270  0.05671876  0.06264046  0.14018286  
CAPCA      0.03840803  0.06257602  0.04485251  0.03992022  0.12381331  0.06086200  0.04920857  0.03620496  0.03965792  0.06695618  0.06121810  0.04896879  0.06195442  0.00000000  0.04503407  0.04950470  0.07231910  0.07099254  0.07914383  0.07366884  0.07525736  0.05828626  0.04932992  0.04311694  0.03714256  0.04678074  0.10745211  0.04637124  0.04992526  0.13271500  0.05192765  0.08914143  0.07425629  0.03830980  0.07477777  0.03943325  0.06392625  0.03834623  0.03941871  0.08995785  0.04294321  0.03554660  0.04067049  0.04731658  0.13443986  
CHAVO      0.03785559  0.06805659  0.04448496  0.03742130  0.12969273  0.06166157  0.04678456  0.03426332  0.03679514  0.06627674  0.06392572  0.04886050  0.06346649  0.04503407  0.00000000  0.04742934  0.07082305  0.07592911  0.07668697  0.07922988  0.07357904  0.06051172  0.04916975  0.04066004  0.03491983  0.04501676  0.11729965  0.04524611  0.04871978  0.14221317  0.05157639  0.09528747  0.07711818  0.03803417  0.07935771  0.03758549  0.06493373  0.03697227  0.03791804  0.09405631  0.04100380  0.03320332  0.03720969  0.04649175  0.14222448  
FALPE      0.04437972  0.06842049  0.04490786  0.04118344  0.12946080  0.06301039  0.04839219  0.03986481  0.04015085  0.06911502  0.06766046  0.05305068  0.06372143  0.04950470  0.04742934  0.00000000  0.07635032  0.07561959  0.07962779  0.08119129  0.07769819  0.06054603  0.05618105  0.04463042  0.03976557  0.04836226  0.11398569  0.04594618  0.05295602  0.14016157  0.05552091  0.09725053  0.07652364  0.04317960  0.07882332  0.04419996  0.06685083  0.04097903  0.04352489  0.09493019  0.04492442  0.03915602  0.04063024  0.04972713  0.14131904  
STRCA      0.06930850  0.09391053  0.07142233  0.06552866  0.14662773  0.08640703  0.07126983  0.06397699  0.06515571  0.09332328  0.09334301  0.07867230  0.08815651  0.07231910  0.07082305  0.07635032  0.00000000  0.08732460  0.10079530  0.10101918  0.10063217  0.08550502  0.07799498  0.06851153  0.06471847  0.06861766  0.13598651  0.07358679  0.07758213  0.15704768  0.08050089  0.11612565  0.10258156  0.06788124  0.09005576  0.06820215  0.07626661  0.06546242  0.06894816  0.11829887  0.07031078  0.06389499  0.06777849  0.07532607  0.15510865  
MELGA      0.07387023  0.08548895  0.07416808  0.07060467  0.13795893  0.08873204  0.07723526  0.06806264  0.06998916  0.09327354  0.08426515  0.08090999  0.08367319  0.07099254  0.07592911  0.07561959  0.08732460  0.00000000  0.10112142  0.09362078  0.10482900  0.08116484  0.07804310  0.07286139  0.06789920  0.07578824  0.12415412  0.07422864  0.08024877  0.14977702  0.08308528  0.10351300  0.10186601  0.07128142  0.02661238  0.07243547  0.06397721  0.07047171  0.07105093  0.11004829  0.07302579  0.06776142  0.06982655  0.07577106  0.14851889  
CUCCA      0.07219767  0.09437340  0.07624262  0.07328589  0.13817352  0.09191844  0.07843877  0.07068275  0.07236286  0.09768919  0.09496224  0.07983844  0.09054076  0.07914383  0.07668697  0.07962779  0.10079530  0.10112142  0.00000000  0.10159170  0.10001544  0.08810827  0.08870187  0.07532825  0.07000335  0.07875236  0.12809780  0.07532968  0.07971300  0.14713816  0.08452546  0.10941311  0.09799643  0.07352125  0.10330042  0.07635186  0.09573007  0.07163227  0.07301353  0.10949825  0.07627461  0.06907172  0.07514910  0.07920488  0.14767582  
CHAPE      0.07357240  0.07050733  0.07632012  0.07519328  0.12246157  0.08979898  0.07725862  0.07355098  0.07283813  0.09402212  0.08416567  0.08371527  0.07963931  0.07366884  0.07922988  0.08119129  0.10101918  0.09362078  0.10159170  0.00000000  0.09743968  0.07825395  0.08324838  0.07807542  0.07109918  0.07986204  0.11258009  0.07715152  0.08255981  0.12935963  0.08356289  0.09063988  0.09879521  0.07466506  0.09506429  0.07480681  0.09180391  0.07214113  0.07340335  0.09853493  0.07706098  0.07017429  0.07654475  0.07994540  0.13127614  
COLLI      0.06640645  0.09539922  0.07553420  0.06970961  0.12998249  0.08779056  0.07924333  0.06991432  0.07129708  0.09606291  0.10088557  0.07466045  0.09246664  0.07525736  0.07357904  0.07769819  0.10063217  0.10482900  0.10001544  0.09743968  0.00000000  0.08567605  0.08354329  0.07192242  0.06664762  0.07355069  0.12527640  0.07725789  0.07183303  0.14043814  0.07558112  0.11229547  0.09178551  0.06926677  0.10373495  0.07176339  0.09874169  0.06932880  0.07057013  0.10694301  0.07136115  0.06536467  0.06815033  0.07077321  0.14267725  
NESNO      0.05746089  0.07338321  0.05669901  0.05221768  0.11860915  0.07329624  0.06205265  0.05348995  0.05139918  0.07535878  0.07031750  0.06638091  0.02958629  0.05828626  0.06051172  0.06054603  0.08550502  0.08116484  0.08810827  0.07825395  0.08567605  0.00000000  0.06776846  0.05862011  0.05283471  0.05930316  0.10263653  0.06206588  0.06320145  0.12872390  0.06467178  0.07971515  0.08525195  0.05674258  0.08384123  0.05781338  0.07715644  0.05439777  0.05612063  0.08713618  0.05715179  0.05274209  0.05299105  0.05958557  0.12916287  
PHACA      0.04035996  0.07413792  0.05131992  0.04353299  0.13115088  0.06600130  0.05572014  0.03823119  0.04365942  0.07098853  0.07068814  0.05477729  0.07315257  0.04932992  0.04916975  0.05618105  0.07799498  0.07804310  0.08870187  0.08324838  0.08354329  0.06776846  0.00000000  0.04824339  0.04000289  0.04768705  0.11781251  0.05276776  0.05634040  0.14213980  0.06063093  0.09901700  0.07969487  0.04244266  0.08112294  0.04499273  0.07139189  0.04322241  0.04219167  0.09907978  0.04851782  0.03718160  0.04553686  0.05165270  0.14102088  
PHORU      0.03540286  0.06818099  0.04060257  0.03421302  0.12490737  0.05544827  0.04489065  0.03213887  0.03400523  0.06199654  0.06301682  0.04331597  0.06315685  0.04311694  0.04066004  0.04463042  0.06851153  0.07286139  0.07532825  0.07807542  0.07192242  0.05862011  0.04824339  0.00000000  0.03146144  0.03356126  0.11453346  0.04203538  0.04585612  0.13780492  0.04952802  0.09603064  0.06816758  0.03512762  0.07304331  0.03672334  0.06345148  0.03498368  0.03774554  0.09353602  0.03732139  0.03018189  0.03725849  0.04200919  0.13409204  
PYGAD      0.02841809  0.05909554  0.03551712  0.02961195  0.12487265  0.05324320  0.03996264  0.02334975  0.02887713  0.05889644  0.06013688  0.04103098  0.05552653  0.03714256  0.03491983  0.03976557  0.06471847  0.06789920  0.07000335  0.07109918  0.06664762  0.05283471  0.04000289  0.03146144  0.00000000  0.03814577  0.11068533  0.03793213  0.04177993  0.13524088  0.04606404  0.08980336  0.06899358  0.02954966  0.07036311  0.02973474  0.05608370  0.02743162  0.02818031  0.08888713  0.03325465  0.00865021  0.03095554  0.03719366  0.13583370  
PODCR      0.04040598  0.07086770  0.04573593  0.03921941  0.13274189  0.06123758  0.04976562  0.03893759  0.03995155  0.06089166  0.06652636  0.04801188  0.06447138  0.04678074  0.04501676  0.04836226  0.06861766  0.07578824  0.07875236  0.07986204  0.07355069  0.05930316  0.04768705  0.03356126  0.03814577  0.00000000  0.10660531  0.04789263  0.04829034  0.14208623  0.05293140  0.09520333  0.06680842  0.04059170  0.08012270  0.04308928  0.06621173  0.04106009  0.04264087  0.09241310  0.04232742  0.03621913  0.04234845  0.04498209  0.14101406  
PICPU      0.11216102  0.11255013  0.11400679  0.11184603  0.11866755  0.11692853  0.11357486  0.11274545  0.11088423  0.11974710  0.11332999  0.12055056  0.11230549  0.10745211  0.11729965  0.11398569  0.13598651  0.12415412  0.12809780  0.11258009  0.12527640  0.10263653  0.11781251  0.11453346  0.11068533  0.10660531  0.00000000  0.11571028  0.11357715  0.12119002  0.11657671  0.09952053  0.11747311  0.11225791  0.12497836  0.11635367  0.13199542  0.11226602  0.11346609  0.11189092  0.11325928  0.11064678  0.11144532  0.10706146  0.11802681  
MESUN      0.04168512  0.06764092  0.04510166  0.04009369  0.13473052  0.06485911  0.04956428  0.03831760  0.03943023  0.06813574  0.06671620  0.05033239  0.06367025  0.04637124  0.04524611  0.04594618  0.07358679  0.07422864  0.07532968  0.07715152  0.07725789  0.06206588  0.05276776  0.04203538  0.03793213  0.04789263  0.11571028  0.00000000  0.05018620  0.14289068  0.05532477  0.09665802  0.07760277  0.04248716  0.07797622  0.04200353  0.06437047  0.03807970  0.04119788  0.09471765  0.04343937  0.03695645  0.04047518  0.04801075  0.14361559  
PTEGU      0.04365539  0.07337584  0.04903077  0.04505550  0.12460704  0.06369798  0.05082603  0.04234052  0.04398521  0.06488031  0.06662818  0.05263623  0.06699993  0.04992526  0.04871978  0.05295602  0.07758213  0.08024877  0.07971300  0.08255981  0.07183303  0.06320145  0.05634040  0.04585612  0.04177993  0.04829034  0.11357715  0.05018620  0.00000000  0.13568776  0.05324529  0.09696495  0.07433211  0.04505567  0.08057503  0.04610992  0.07157058  0.04297036  0.04608904  0.09381093  0.04680552  0.04101197  0.04429710  0.04857861  0.13577829  
GEOFO      0.13703707  0.14031063  0.13711524  0.13586014  0.03701257  0.14009706  0.13903475  0.13956613  0.13651801  0.12919046  0.13298564  0.14034782  0.13837773  0.13271500  0.14221317  0.14016157  0.15704768  0.14977702  0.14713816  0.12935963  0.14043814  0.12872390  0.14213980  0.13780492  0.13524088  0.14208623  0.12119002  0.14289068  0.13568776  0.00000000  0.13796705  0.09816052  0.13014527  0.13625012  0.15068461  0.13981907  0.15768149  0.13803826  0.14008021  0.09232139  0.13647885  0.13657070  0.14068154  0.13454350  0.02863539  
TAUER      0.04704887  0.07612918  0.05196350  0.04827798  0.12538492  0.06632794  0.05278699  0.04684886  0.04778804  0.07252152  0.07291566  0.05630240  0.06822950  0.05192765  0.05157639  0.05552091  0.08050089  0.08308528  0.08452546  0.08356289  0.07558112  0.06467178  0.06063093  0.04952802  0.04606404  0.05293140  0.11657671  0.05532477  0.05324529  0.13796705  0.00000000  0.09871096  0.07628428  0.04670210  0.08538073  0.04978054  0.07593945  0.04558709  0.04861056  0.09210720  0.04920852  0.04362602  0.04765269  0.05428387  0.13761517  
ACACH      0.08994667  0.09545107  0.09430164  0.09135082  0.09425229  0.09784782  0.09566119  0.09009044  0.09105688  0.09979527  0.09196412  0.09924547  0.09211960  0.08914143  0.09528747  0.09725053  0.11612565  0.10351300  0.10941311  0.09063988  0.11229547  0.07971515  0.09901700  0.09603064  0.08980336  0.09520333  0.09952053  0.09665802  0.09696495  0.09816052  0.09871096  0.00000000  0.10453083  0.09047001  0.11048310  0.09689650  0.10877175  0.09230255  0.09215901  0.07136708  0.09233964  0.08851937  0.09098939  0.09205889  0.10281360  
BUCRH      0.06899363  0.09214406  0.07485911  0.07037492  0.12000991  0.08265259  0.07218658  0.07137256  0.07035397  0.08143257  0.08829013  0.07615222  0.09115785  0.07425629  0.07711818  0.07652364  0.10258156  0.10186601  0.09799643  0.09879521  0.09178551  0.08525195  0.07969487  0.06816758  0.06899358  0.06680842  0.11747311  0.07760277  0.07433211  0.13014527  0.07628428  0.10453083  0.00000000  0.06991902  0.10280071  0.07422543  0.09762031  0.06957759  0.07454346  0.10222960  0.07290579  0.06915623  0.06996900  0.06835185  0.13161118  
PELCR      0.03175390  0.06363702  0.03901831  0.03280141  0.12408582  0.05513266  0.04345283  0.02858422  0.03251526  0.06270847  0.06058445  0.04439050  0.05945681  0.03830980  0.03803417  0.04317960  0.06788124  0.07128142  0.07352125  0.07466506  0.06926677  0.05674258  0.04244266  0.03512762  0.02954966  0.04059170  0.11225791  0.04248716  0.04505567  0.13625012  0.04670210  0.09047001  0.06991902  0.00000000  0.07351161  0.03324293  0.05992431  0.03140399  0.03181678  0.09038977  0.03761269  0.02726961  0.03440896  0.04164236  0.13570747  
GALGA      0.07570640  0.08825809  0.07800204  0.07292512  0.13712344  0.09101779  0.08098460  0.07091538  0.07230264  0.09841575  0.08895214  0.08303968  0.08644386  0.07477777  0.07935771  0.07882332  0.09005576  0.02661238  0.10330042  0.09506429  0.10373495  0.08384123  0.08112294  0.07304331  0.07036311  0.08012270  0.12497836  0.07797622  0.08057503  0.15068461  0.08538073  0.11048310  0.10280071  0.07351161  0.00000000  0.07528541  0.06585513  0.07363048  0.07380381  0.11172067  0.07775604  0.06954385  0.07410522  0.07847264  0.14792807  
PHALE      0.03409721  0.06376063  0.04052437  0.03412998  0.12883896  0.05528661  0.04418261  0.03061253  0.03320160  0.06569133  0.06370504  0.04496674  0.05964394  0.03943325  0.03758549  0.04419996  0.06820215  0.07243547  0.07635186  0.07480681  0.07176339  0.05781338  0.04499273  0.03672334  0.02973474  0.04308928  0.11635367  0.04200353  0.04610992  0.13981907  0.04978054  0.09689650  0.07422543  0.03324293  0.07528541  0.00000000  0.06214332  0.03206224  0.03349856  0.09293251  0.03888811  0.02819792  0.03559933  0.04325720  0.14065232  
ANAPL      0.06162794  0.08144956  0.06210024  0.05732890  0.14606749  0.08509535  0.06945938  0.05617126  0.05671722  0.08962598  0.08639366  0.07199795  0.07987153  0.06392625  0.06493373  0.06685083  0.07626661  0.06397721  0.09573007  0.09180391  0.09874169  0.07715644  0.07139189  0.06345148  0.05608370  0.06621173  0.13199542  0.06437047  0.07157058  0.15768149  0.07593945  0.10877175  0.09762031  0.05992431  0.06585513  0.06214332  0.00000000  0.05886055  0.05976741  0.11233598  0.06320983  0.05503505  0.06130300  0.07023183  0.16004336  
GAVST      0.03078778  0.06106440  0.03691025  0.03027795  0.12704713  0.05561574  0.04199932  0.02691540  0.02921781  0.06038530  0.06129388  0.04230154  0.05767173  0.03834623  0.03697227  0.04097903  0.06546242  0.07047171  0.07163227  0.07214113  0.06932880  0.05439777  0.04322241  0.03498368  0.02743162  0.04106009  0.11226602  0.03807970  0.04297036  0.13803826  0.04558709  0.09230255  0.06957759  0.03140399  0.07363048  0.03206224  0.05886055  0.00000000  0.03143207  0.09101417  0.03462646  0.02553437  0.03167817  0.03958662  0.13869959  
EGRGA      0.03260433  0.06206994  0.03892486  0.03329257  0.12732181  0.05963743  0.04331255  0.02941838  0.03247531  0.06242508  0.06256751  0.04493865  0.05946360  0.03941871  0.03791804  0.04352489  0.06894816  0.07105093  0.07301353  0.07340335  0.07057013  0.05612063  0.04219167  0.03774554  0.02818031  0.04264087  0.11346609  0.04119788  0.04608904  0.14008021  0.04861056  0.09215901  0.07454346  0.03181678  0.07380381  0.03349856  0.05976741  0.03143207  0.00000000  0.09130817  0.03606838  0.02673125  0.03497309  0.04363605  0.13959602  
MANVI      0.09066760  0.09798461  0.08865473  0.09023821  0.08360523  0.10249695  0.09040048  0.09081232  0.08943449  0.09664385  0.09407542  0.09783293  0.09436718  0.08995785  0.09405631  0.09493019  0.11829887  0.11004829  0.10949825  0.09853493  0.10694301  0.08713618  0.09907978  0.09353602  0.08888713  0.09241310  0.11189092  0.09471765  0.09381093  0.09232139  0.09210720  0.07136708  0.10222960  0.09038977  0.11172067  0.09293251  0.11233598  0.09101417  0.09130817  0.00000000  0.09167792  0.08888043  0.09060884  0.08834641  0.09425644  
BALRE      0.03550197  0.06641965  0.04175195  0.03586604  0.12612415  0.06006206  0.04454873  0.03376733  0.03515586  0.06298338  0.06491143  0.04649513  0.06045020  0.04294321  0.04100380  0.04492442  0.07031078  0.07302579  0.07627461  0.07706098  0.07136115  0.05715179  0.04851782  0.03732139  0.03325465  0.04232742  0.11325928  0.04343937  0.04680552  0.13647885  0.04920852  0.09233964  0.07290579  0.03761269  0.07775604  0.03888811  0.06320983  0.03462646  0.03606838  0.09167792  0.00000000  0.03198322  0.03656261  0.04478295  0.13795766  
APTFO      0.02610076  0.05845461  0.03446824  0.02785955  0.12432495  0.05197693  0.03876551  0.02185542  0.02712648  0.05782105  0.05865129  0.04011518  0.05535270  0.03554660  0.03320332  0.03915602  0.06389499  0.06776142  0.06907172  0.07017429  0.06536467  0.05274209  0.03718160  0.03018189  0.00865021  0.03621913  0.11064678  0.03695645  0.04101197  0.13657070  0.04362602  0.08851937  0.06915623  0.02726961  0.06954385  0.02819792  0.05503505  0.02553437  0.02673125  0.08888043  0.03198322  0.00000000  0.02931266  0.03626285  0.13633684  
CARCR      0.03390928  0.06292757  0.03816674  0.03077910  0.13057995  0.05765828  0.04351122  0.03244769  0.03028714  0.06192585  0.06165974  0.04325103  0.05671876  0.04067049  0.03720969  0.04063024  0.06777849  0.06982655  0.07514910  0.07654475  0.06815033  0.05299105  0.04553686  0.03725849  0.03095554  0.04234845  0.11144532  0.04047518  0.04429710  0.14068154  0.04765269  0.09098939  0.06996900  0.03440896  0.07410522  0.03559933  0.06130300  0.03167817  0.03497309  0.09060884  0.03656261  0.02931266  0.00000000  0.04087593  0.14183144  
LEPDI      0.03840190  0.07050247  0.04452419  0.04026437  0.12438975  0.06157847  0.04879750  0.03861826  0.03876002  0.06119535  0.06665870  0.04945578  0.06264046  0.04731658  0.04649175  0.04972713  0.07532607  0.07577106  0.07920488  0.07994540  0.07077321  0.05958557  0.05165270  0.04200919  0.03719366  0.04498209  0.10706146  0.04801075  0.04857861  0.13454350  0.05428387  0.09205889  0.06835185  0.04164236  0.07847264  0.04325720  0.07023183  0.03958662  0.04363605  0.08834641  0.04478295  0.03626285  0.04087593  0.00000000  0.13593329  
TAEGU      0.13550932  0.14206483  0.13967881  0.13703027  0.03442697  0.13907823  0.14299587  0.13982024  0.13799868  0.13150005  0.13579065  0.14055320  0.14018286  0.13443986  0.14222448  0.14131904  0.15510865  0.14851889  0.14767582  0.13127614  0.14267725  0.12916287  0.14102088  0.13409204  0.13583370  0.14101406  0.11802681  0.14361559  0.13577829  0.02863539  0.13761517  0.10281360  0.13161118  0.13570747  0.14792807  0.14065232  0.16004336  0.13869959  0.13959602  0.09425644  0.13795766  0.13633684  0.14183144  0.13593329  0.00000000  

45
NIPNI      0.00000000  0.11844462  0.07246425  0.05724151  0.22889098  0.08769312  0.06326029  0.04694452  0.05681373  0.07738562  0.08583914  0.07276051  0.10252811  0.06621773  0.06659416  0.08130824  0.12134436  0.13509709  0.12510687  0.12753447  0.11361516  0.10030879  0.05466150  0.05870517  0.04954689  0.05736528  0.19700338  0.07506423  0.07755657  0.25451328  0.08332318  0.11252322  0.12828457  0.05668424  0.13549602  0.06102907  0.10935711  0.05508160  0.05797882  0.17089789  0.06348673  0.04512985  0.06032927  0.06922760  0.25071073  
CALAN      0.11844462  0.00000000  0.12034778  0.10737503  0.24738756  0.13979295  0.10887203  0.11297884  0.10589029  0.11454430  0.10210763  0.13171288  0.13194005  0.10502316  0.12160634  0.12522322  0.16825652  0.15505748  0.17635015  0.12544847  0.17529091  0.13202922  0.10806974  0.12282105  0.10776261  0.10222288  0.20191633  0.12415909  0.13621288  0.25683115  0.13425637  0.11895927  0.17727584  0.11526462  0.16375883  0.12258015  0.14973279  0.11188533  0.11260462  0.18632654  0.12091374  0.10706613  0.10968856  0.12623301  0.26289843  
TYTAL      0.07246425  0.12034778  0.00000000  0.05857978  0.23114915  0.10369002  0.06711224  0.06161573  0.05837969  0.08300674  0.08214755  0.08452457  0.10060632  0.07452798  0.07679636  0.07592887  0.12309705  0.12829298  0.13614353  0.13883707  0.12980050  0.09794795  0.07231148  0.06585723  0.06112033  0.06093273  0.19948224  0.07455560  0.08810178  0.25324920  0.08861741  0.11364067  0.14199498  0.06606238  0.13717000  0.07398706  0.10772950  0.06628266  0.06705424  0.16639096  0.07199080  0.05997169  0.06468855  0.07336767  0.25877272  
HALAL      0.05724151  0.10737503  0.05857978  0.00000000  0.22824768  0.09227393  0.06248931  0.04838995  0.00189306  0.07760737  0.07471489  0.06961250  0.08835998  0.06629087  0.05971524  0.06980665  0.10811301  0.12282858  0.12418938  0.13117114  0.11824374  0.08700282  0.06066122  0.05442008  0.04853524  0.05357366  0.19365743  0.06639761  0.07628400  0.24590277  0.08125925  0.11398576  0.12858767  0.05389233  0.12558219  0.05940586  0.09595519  0.05004310  0.05480870  0.16814801  0.06312942  0.04499548  0.05212530  0.06963372  0.25004332  
CORBR      0.22889098  0.24738756  0.23114915  0.22824768  0.00000000  0.20941009  0.20077064  0.23254726  0.23173661  0.14834491  0.15608264  0.23938999  0.22890766  0.19665996  0.23797818  0.23262780  0.26364976  0.25572052  0.25788891  0.23199693  0.22727668  0.20565592  0.19364161  0.21896438  0.22488179  0.18665719  0.20843310  0.24310111  0.22396156  0.06084374  0.21468539  0.11753874  0.21867003  0.22642502  0.25112233  0.23726098  0.27044889  0.23517702  0.22899955  0.14594402  0.22450609  0.22377590  0.22495094  0.21509077  0.05526272  
EURHE      0.08769312  0.13979295  0.10369002  0.09227393  0.20941009  0.00000000  0.09366787  0.08671459  0.09351845  0.09614520  0.11120944  0.09950928  0.12191579  0.09350780  0.09734771  0.10240740  0.13369459  0.14319752  0.14538327  0.14061209  0.13802273  0.11500641  0.09494473  0.08560313  0.08368038  0.07920230  0.18420788  0.10492002  0.10159771  0.22453370  0.11091486  0.11814213  0.14056215  0.08552921  0.14116973  0.08561677  0.13698080  0.09049032  0.09358202  0.17377434  0.09637763  0.08229057  0.09374934  0.10244817  0.22810647  
CHLUN      0.06326029  0.10887203  0.06711224  0.06248931  0.20077064  0.09366787  0.00000000  0.06245512  0.06093743  0.07110647  0.07862358  0.07553526  0.09448110  0.06853794  0.06594903  0.07165737  0.10152104  0.12415755  0.10930702  0.11193800  0.11274777  0.09009753  0.06531754  0.05986030  0.05754380  0.06901904  0.16989975  0.07143408  0.07496030  0.20828104  0.07893091  0.11499214  0.11052412  0.06392404  0.12509171  0.06488717  0.10813871  0.06320539  0.06229898  0.14238214  0.06616935  0.05582518  0.06772899  0.07457726  0.21415260  
FULGL      0.04694452  0.11297884  0.06161573  0.04838995  0.23254726  0.08671459  0.06245512  0.00000000  0.04746243  0.07531622  0.08110524  0.06926080  0.09390979  0.06119575  0.05657629  0.07115590  0.10712548  0.12156030  0.12576845  0.12621126  0.11982457  0.09287309  0.05344907  0.05103019  0.03836814  0.05333034  0.19763417  0.06621439  0.07523225  0.25673382  0.07963726  0.11118802  0.13427224  0.04660017  0.12643855  0.05368768  0.09871616  0.04630030  0.05004749  0.17221080  0.05942295  0.03530154  0.05668349  0.06773032  0.25683815  
HALLE      0.05681373  0.10589029  0.05837969  0.00189306  0.23173661  0.09351845  0.06093743  0.04746243  0.00000000  0.07821651  0.07684348  0.07026098  0.08843470  0.06585598  0.05997803  0.07019110  0.10917142  0.12379049  0.12485672  0.12804166  0.12377054  0.08610104  0.06045631  0.05479224  0.04773278  0.05691535  0.19743210  0.06624646  0.07602590  0.25404862  0.08227134  0.11491187  0.13152944  0.05432271  0.12668358  0.05856020  0.09711617  0.04893587  0.05358410  0.16966481  0.06283295  0.04453302  0.05222275  0.06851933  0.25596240  
APAVI      0.07738562  0.11454430  0.08300674  0.07760737  0.14834491  0.09614520  0.07110647  0.07531622  0.07821651  0.00000000  0.09870141  0.08852431  0.10213505  0.08654137  0.07994876  0.08487723  0.11678390  0.12039201  0.12270301  0.11710638  0.12767138  0.09598272  0.08493015  0.07581823  0.07277082  0.05257029  0.14434879  0.08666261  0.08455033  0.16215101  0.09117149  0.08185691  0.11271594  0.07990687  0.12638831  0.08681407  0.11616040  0.07796739  0.07652335  0.12403872  0.07992789  0.07525011  0.07617120  0.07704628  0.16564683  
COLST      0.08583914  0.10210763  0.08214755  0.07471489  0.15608264  0.11120944  0.07862358  0.08110524  0.07684348  0.09870141  0.00000000  0.09267798  0.09112460  0.08081801  0.07899908  0.08439803  0.11534501  0.10326074  0.11793000  0.11115547  0.12903519  0.09001948  0.09319640  0.07865636  0.07964951  0.06172649  0.14330378  0.08594168  0.08191807  0.17079153  0.09837943  0.08176494  0.12022334  0.08012373  0.11034952  0.08450319  0.11021938  0.07742617  0.07856765  0.12382259  0.08340807  0.07914319  0.07817792  0.08903378  0.17421791  
OPHHO      0.07276051  0.13171288  0.08452457  0.06961250  0.23938999  0.09950928  0.07553526  0.06926080  0.07026098  0.08852431  0.09267798  0.00000000  0.11706727  0.07760122  0.07997127  0.08813518  0.13080327  0.14325386  0.13897141  0.14687950  0.12794535  0.11228476  0.07377491  0.06870083  0.06731473  0.06602670  0.21187890  0.08266912  0.09149135  0.25622791  0.09384117  0.11950510  0.14119827  0.07056644  0.14716012  0.07442394  0.12517971  0.07098064  0.07547437  0.18275496  0.07765100  0.06693712  0.06747797  0.08328865  0.25577793  
MELUN      0.10252811  0.13194005  0.10060632  0.08835998  0.22890766  0.12191579  0.09448110  0.09390979  0.08843470  0.10213505  0.09112460  0.11706727  0.00000000  0.09939849  0.10480824  0.10506158  0.14601800  0.14448167  0.15734519  0.13718467  0.15947098  0.04831032  0.10622152  0.10064564  0.09275367  0.08713629  0.20186477  0.10228613  0.10864440  0.24709717  0.11018642  0.10739967  0.16065257  0.09915933  0.14858857  0.10051102  0.13725707  0.09447697  0.09759699  0.17407132  0.10015300  0.09244078  0.09048081  0.10207722  0.25601175  
CAPCA      0.06621773  0.10502316  0.07452798  0.06629087  0.19665996  0.09350780  0.06853794  0.06119575  0.06585598  0.08654137  0.08081801  0.07760122  0.09939849  0.00000000  0.07183176  0.07940866  0.10824038  0.11200562  0.12454514  0.11392446  0.11740463  0.09565037  0.07110987  0.06495279  0.06118951  0.06267440  0.16118432  0.07464593  0.08031916  0.20773577  0.08423673  0.10499342  0.12126447  0.06239169  0.11878817  0.06572631  0.10240227  0.06240145  0.06393618  0.15053648  0.07247310  0.05843004  0.06817509  0.07813850  0.21136425  
CHAVO      0.06659416  0.12160634  0.07679636  0.05971524  0.23797818  0.09734771  0.06594903  0.05657629  0.05997803  0.07994876  0.07899908  0.07997127  0.10480824  0.07183176  0.00000000  0.08101607  0.12031261  0.13293099  0.13164897  0.13854092  0.12699626  0.10454434  0.06742191  0.06366473  0.05800633  0.06113998  0.20667361  0.07632261  0.08311851  0.26163551  0.08365194  0.11263330  0.14497129  0.06276503  0.14149849  0.06663945  0.10917260  0.06069912  0.06191023  0.17291793  0.07063321  0.05301867  0.06093991  0.07980151  0.26104121  
FALPE      0.08130824  0.12522322  0.07592887  0.06980665  0.23262780  0.10240740  0.07165737  0.07115590  0.07019110  0.08487723  0.08439803  0.08813518  0.10506158  0.07940866  0.08101607  0.00000000  0.12922284  0.12951233  0.13818669  0.14063857  0.13345739  0.10415113  0.08014543  0.07394380  0.06806180  0.06515077  0.19697435  0.07628760  0.09138896  0.25452827  0.09669450  0.12172041  0.13783185  0.07261904  0.13696175  0.07868441  0.11826698  0.07459455  0.07337598  0.17897049  0.08033845  0.06941013  0.06599786  0.08520564  0.25330021  
STRCA      0.12134436  0.16825652  0.12309705  0.10811301  0.26364976  0.13369459  0.10152104  0.10712548  0.10917142  0.11678390  0.11534501  0.13080327  0.14601800  0.10824038  0.12031261  0.12922284  0.00000000  0.15524751  0.17380312  0.17836274  0.17378453  0.14435353  0.10901777  0.11152012  0.10959305  0.09423074  0.24394267  0.12826853  0.13340322  0.28844683  0.12837271  0.13861106  0.19167468  0.11506477  0.15631037  0.11842183  0.13281976  0.11175098  0.11730822  0.21881268  0.12053732  0.10737151  0.11065609  0.12513783  0.28228852  
MELGA      0.13509709  0.15505748  0.12829298  0.12282858  0.25572052  0.14319752  0.12415755  0.12156030  0.12379049  0.12039201  0.10326074  0.14325386  0.14448167  0.11200562  0.13293099  0.12951233  0.15524751  0.00000000  0.17980592  0.16423193  0.18438445  0.14062590  0.11457465  0.12624101  0.12025507  0.10967604  0.22037143  0.12949420  0.14395137  0.27597263  0.13872624  0.13417213  0.19324827  0.12431118  0.03964273  0.12943499  0.11010426  0.12462503  0.12492560  0.20797733  0.13033469  0.12105375  0.11723782  0.12975172  0.27917901  
CUCCA      0.12510687  0.17635015  0.13614353  0.12418938  0.25788891  0.14538327  0.10930702  0.12576845  0.12485672  0.12270301  0.11793000  0.13897141  0.15734519  0.12454514  0.13164897  0.13818669  0.17380312  0.17980592  0.00000000  0.18169195  0.17354645  0.15437932  0.12398782  0.12622631  0.12108945  0.10542654  0.23155758  0.12762861  0.14016842  0.27979103  0.13574990  0.13133837  0.18036024  0.12922851  0.18769306  0.13737371  0.17191502  0.12387102  0.12427423  0.20465269  0.13898689  0.12014265  0.12360751  0.13319173  0.27891224  
CHAPE      0.12753447  0.12544847  0.13883707  0.13117114  0.23199693  0.14061209  0.11193800  0.12621126  0.12804166  0.11710638  0.11115547  0.14687950  0.13718467  0.11392446  0.13854092  0.14063857  0.17836274  0.16423193  0.18169195  0.00000000  0.17063751  0.14041489  0.11833332  0.13079050  0.12139022  0.11594984  0.20115143  0.13421701  0.14590839  0.24183110  0.14230043  0.11267880  0.18466784  0.13119859  0.16915615  0.13106081  0.16315458  0.12622351  0.12703902  0.18669553  0.13600335  0.11925473  0.12372187  0.13829973  0.24443858  
COLLI      0.11361516  0.17529091  0.12980050  0.11824374  0.22727668  0.13802273  0.11274777  0.11982457  0.12377054  0.12767138  0.12903519  0.12794535  0.15947098  0.11740463  0.12699626  0.13345739  0.17378453  0.18438445  0.17354645  0.17063751  0.00000000  0.14990045  0.11672004  0.11843449  0.11541681  0.10148980  0.22262607  0.13231378  0.12238747  0.25068859  0.12383299  0.13312446  0.17218499  0.11579018  0.17932224  0.12559555  0.17185533  0.11946810  0.11834776  0.20046943  0.12222699  0.11216266  0.11271669  0.12113309  0.25286523  
NESNO      0.10030879  0.13202922  0.09794795  0.08700282  0.20565592  0.11500641  0.09009753  0.09287309  0.08610104  0.09598272  0.09001948  0.11228476  0.04831032  0.09565037  0.10454434  0.10415113  0.14435353  0.14062590  0.15437932  0.14041489  0.14990045  0.00000000  0.10286893  0.09567772  0.08970998  0.08133405  0.18186978  0.10431968  0.10454366  0.22570805  0.10944771  0.09330351  0.15218624  0.09636242  0.14469760  0.10181818  0.13432111  0.09254747  0.09493002  0.15944871  0.09650819  0.09111770  0.09069195  0.09957472  0.23289963  
PHACA      0.05466150  0.10806974  0.07231148  0.06066122  0.19364161  0.09494473  0.06531754  0.05344907  0.06045631  0.08493015  0.09319640  0.07377491  0.10622152  0.07110987  0.06742191  0.08014543  0.10901777  0.11457465  0.12398782  0.11833332  0.11672004  0.10286893  0.00000000  0.06355950  0.05362288  0.05213659  0.16954909  0.07742837  0.07765773  0.20597933  0.08354471  0.10828522  0.12526702  0.05876788  0.11883715  0.06054233  0.10319018  0.06017219  0.05874808  0.15124652  0.07033344  0.04903574  0.06684865  0.07245620  0.20446639  
PHORU      0.05870517  0.12282105  0.06585723  0.05442008  0.21896438  0.08560313  0.05986030  0.05103019  0.05479224  0.07581823  0.07865636  0.06870083  0.10064564  0.06495279  0.06366473  0.07394380  0.11152012  0.12624101  0.12622631  0.13079050  0.11843449  0.09567772  0.06355950  0.00000000  0.04804207  0.04249422  0.19491032  0.06743262  0.07526810  0.24417618  0.07901991  0.11495186  0.12088589  0.05394991  0.12245881  0.06007088  0.10220599  0.05675889  0.05922457  0.17003458  0.06221113  0.04554635  0.05690566  0.06705282  0.23848453  
PYGAD      0.04954689  0.10776261  0.06112033  0.04853524  0.22488179  0.08368038  0.05754380  0.03836814  0.04773278  0.07277082  0.07964951  0.06731473  0.09275367  0.06118951  0.05800633  0.06806180  0.10959305  0.12025507  0.12108945  0.12139022  0.11541681  0.08970998  0.05362288  0.04804207  0.00000000  0.05343744  0.19100759  0.06189209  0.07207221  0.24439311  0.07890413  0.10992476  0.13059717  0.04876195  0.12532313  0.05182243  0.09561889  0.04693618  0.04462994  0.16541982  0.05946815  0.01551331  0.05130439  0.06418307  0.24620061  
PODCR      0.05736528  0.10222288  0.06093273  0.05357366  0.18665719  0.07920230  0.06901904  0.05333034  0.05691535  0.05257029  0.06172649  0.06602670  0.08713629  0.06267440  0.06113998  0.06515077  0.09423074  0.10967604  0.10542654  0.11594984  0.10148980  0.08133405  0.05213659  0.04249422  0.05343744  0.00000000  0.14173932  0.06687918  0.06469988  0.19271511  0.07255619  0.11825743  0.09656479  0.05204177  0.11006118  0.06362183  0.09052696  0.05714482  0.05760864  0.13651005  0.06036272  0.05107743  0.05897519  0.06245169  0.19288424  
PICPU      0.19700338  0.20191633  0.19948224  0.19365743  0.20843310  0.18420788  0.16989975  0.19763417  0.19743210  0.14434879  0.14330378  0.21187890  0.20186477  0.16118432  0.20667361  0.19697435  0.24394267  0.22037143  0.23155758  0.20115143  0.22262607  0.18186978  0.16954909  0.19491032  0.19100759  0.14173932  0.00000000  0.19800435  0.19968646  0.20877628  0.18952339  0.12046917  0.21382181  0.19569898  0.21329169  0.21003092  0.23669796  0.19676582  0.20003090  0.20815437  0.19295592  0.19320907  0.18219531  0.17144542  0.20808911  
