44
ACACH      0.00000000  0.37309391  0.19658979  0.22736983  0.27618846  0.23543354  0.21366707  0.17851232  0.31589563  0.23370048  0.25660598  0.29301293  0.28189897  0.26579625  0.29474411  0.22077982  0.38576820  0.26615243  0.20082252  0.46126769  0.21305393  0.41812990  0.20094288  0.20158415  0.22815458  0.19631394  0.47037529  0.28897862  0.27019774  0.25354642  0.21465721  0.25435037  0.22098405  0.25200976  0.22837312  0.20619498  0.32268477  0.24165041  0.25857747  0.19928527  0.48866374  0.24949582  0.63485652  0.22756760  
ANAPL      0.37309391  0.00000000  0.24682141  0.29067125  0.36214105  0.29405389  0.28111556  0.24227083  0.38188375  0.28856736  0.31584041  0.35394170  0.35129242  0.49183164  0.36535407  0.28084406  0.49974254  0.34465353  0.25485228  0.30719499  0.26378656  0.67915935  0.27180577  0.27275204  0.30031451  0.39944017  0.31630582  0.37049776  0.35296129  0.34240356  0.26857222  0.31919255  0.27222324  0.30944893  0.28530060  0.26445329  0.41061419  0.30880419  0.31663655  0.24332943  0.47120489  0.30870309  0.62029361  0.29228517  
APTFO      0.19658979  0.24682141  0.00000000  0.11253143  0.17390267  0.12842964  0.11757756  0.08618459  0.19912503  0.12450448  0.14193732  0.17135150  0.17733079  0.28357352  0.17573792  0.09865339  0.27462083  0.16500358  0.07646370  0.32079836  0.09317211  0.43010766  0.10803984  0.10840057  0.13057480  0.21189797  0.33011604  0.18861967  0.17368707  0.16182516  0.09000339  0.14356317  0.09043687  0.11920459  0.11894037  0.09824612  0.22099965  0.13154474  0.14460423  0.02921917  0.34606334  0.13351683  0.47397813  0.12750106  
BALRE      0.22736983  0.29067125  0.11253143  0.00000000  0.20850226  0.15856823  0.14612230  0.11361708  0.22512043  0.15451094  0.17351653  0.20210207  0.20846388  0.31983644  0.21012454  0.13938777  0.31108815  0.19538306  0.11939011  0.35357204  0.12548431  0.47851736  0.13533507  0.13566304  0.15836327  0.24787418  0.36443293  0.21910315  0.20634879  0.19045110  0.13250352  0.17107956  0.13215029  0.16161798  0.15280914  0.12684081  0.24801595  0.16125034  0.17404761  0.11370714  0.38080937  0.16391411  0.50745081  0.15835532  
BUCRH      0.27618846  0.36214105  0.17390267  0.20850226  0.00000000  0.21511312  0.19592279  0.16247578  0.29726800  0.21345386  0.24000748  0.27283335  0.26377125  0.35671584  0.26954461  0.20583044  0.38017690  0.24098861  0.18164816  0.43872776  0.19338778  0.50410581  0.18574007  0.18670292  0.20445983  0.29393504  0.44793238  0.27622908  0.24788055  0.23977062  0.19639168  0.23500937  0.19918522  0.22947180  0.20966914  0.18649333  0.30237823  0.22218977  0.23442611  0.17726770  0.47120557  0.22947073  0.60725747  0.21009757  
CAPCA      0.23543354  0.29405389  0.12842964  0.15856823  0.21511312  0.00000000  0.15615457  0.12427674  0.22956557  0.16435256  0.18369049  0.21565669  0.21730735  0.33016620  0.21881519  0.15283459  0.32549725  0.20652719  0.13462126  0.37657261  0.14538226  0.48937436  0.14546939  0.14593008  0.16934567  0.25165484  0.38504429  0.22943782  0.21107967  0.20046398  0.14578101  0.18384187  0.14941679  0.18079628  0.15708448  0.14497352  0.25759043  0.17664591  0.19275431  0.12955967  0.40827215  0.18117190  0.55216287  0.16435174  
CARCR      0.21366707  0.28111556  0.11757756  0.14612230  0.19592279  0.15615457  0.00000000  0.10439746  0.22874349  0.15355772  0.17427163  0.20965818  0.20150985  0.30603573  0.21088113  0.14371720  0.31368135  0.18011740  0.12243256  0.36095738  0.13490296  0.46378590  0.12705017  0.12746071  0.14807930  0.23506316  0.37107557  0.20289120  0.19015980  0.17582023  0.13318427  0.17031590  0.13598228  0.16801489  0.14950449  0.12874588  0.24022101  0.16005642  0.17564861  0.11903477  0.39627683  0.17054036  0.51917631  0.14720648  
CATAU      0.17851232  0.24227083  0.08618459  0.11361708  0.16247578  0.12427674  0.10439746  0.00000000  0.19712361  0.12164557  0.14096140  0.17330995  0.16516117  0.27000437  0.17437824  0.11099040  0.27328877  0.14912786  0.09113637  0.31925000  0.10245398  0.41174784  0.09272931  0.09305528  0.11521873  0.19807978  0.32683274  0.17227700  0.15959185  0.14628882  0.10402926  0.13693439  0.10648198  0.13109345  0.11742756  0.09543085  0.20239046  0.12769653  0.14095414  0.08678312  0.34347403  0.13184326  0.47156294  0.11388549  
CHAPE      0.31589563  0.38188375  0.19912503  0.22512043  0.29726800  0.22956557  0.22874349  0.19712361  0.00000000  0.24005218  0.25373256  0.29065530  0.29909719  0.41967785  0.29688063  0.22615052  0.40588126  0.28882361  0.20221667  0.46956999  0.21619490  0.60181035  0.22011040  0.22088691  0.24633538  0.33780972  0.47934926  0.31074692  0.29224963  0.28341554  0.21837559  0.25968637  0.22441084  0.25305475  0.22873510  0.21556370  0.35292447  0.25257217  0.27176009  0.19735793  0.50947354  0.25257164  0.66763164  0.24217490  
CHAVO      0.23370048  0.28856736  0.12450448  0.15451094  0.21345386  0.16435256  0.15355772  0.12164557  0.24005218  0.00000000  0.18486981  0.21395241  0.21682668  0.32033767  0.22037114  0.15202334  0.32861188  0.20267716  0.13006760  0.36394651  0.14171643  0.47573667  0.14217079  0.14298237  0.16621653  0.25042145  0.37214467  0.22677432  0.21233619  0.20001882  0.14037725  0.18112845  0.14313437  0.17594373  0.16018833  0.13519365  0.25786613  0.17325507  0.18711627  0.12579335  0.39497530  0.17434015  0.53160074  0.16312389  
CHLUN      0.25660598  0.31584041  0.14193732  0.17351653  0.24000748  0.18369049  0.17427163  0.14096140  0.25373256  0.18486981  0.00000000  0.22712785  0.23841667  0.35975498  0.23332734  0.16863117  0.34906626  0.22621006  0.14578953  0.39163781  0.15831783  0.52581473  0.16270409  0.16273172  0.18941434  0.28046480  0.39739028  0.24650568  0.23299702  0.21862321  0.15810799  0.19881624  0.16082312  0.18916756  0.17718720  0.15485510  0.28366436  0.18990350  0.20075678  0.14154912  0.42851657  0.19280635  0.57266136  0.18394656  
COLLI      0.29301293  0.35394170  0.17135150  0.20210207  0.27283335  0.21565669  0.20965818  0.17330995  0.29065530  0.21395241  0.22712785  0.00000000  0.27009419  0.38375358  0.26607094  0.19886863  0.39083642  0.26317329  0.17937106  0.42852451  0.18762255  0.52070788  0.19526996  0.19591189  0.22227269  0.30925568  0.44276634  0.27897991  0.26883660  0.24992965  0.18746485  0.22920255  0.18892331  0.22337873  0.20661672  0.18096889  0.31738248  0.21313351  0.22519721  0.17376940  0.45439211  0.22239389  0.60400460  0.21628467  
COLST      0.28189897  0.35129242  0.17733079  0.20846388  0.26377125  0.21730735  0.20150985  0.16516117  0.29909719  0.21682668  0.23841667  0.27009419  0.00000000  0.36947237  0.27665412  0.20121672  0.39007708  0.25497426  0.18197108  0.43146093  0.19587855  0.54009581  0.18604814  0.18640414  0.21260778  0.30042295  0.43945422  0.27085373  0.25511223  0.24111840  0.19247361  0.23687811  0.19741909  0.22926252  0.21046587  0.19077191  0.30728766  0.22548513  0.23948415  0.17757915  0.46054775  0.23386325  0.60166519  0.20740435  
CORBR      0.26579625  0.49183164  0.28357352  0.31983644  0.35671584  0.33016620  0.30603573  0.27000437  0.41967785  0.32033767  0.35975498  0.38375358  0.36947237  0.00000000  0.39787016  0.31164313  0.47146526  0.36046444  0.28785344  0.59379025  0.30181624  0.25798246  0.28999891  0.29093386  0.32380209  0.25264059  0.61336308  0.38817096  0.35466124  0.35456702  0.30395705  0.34896265  0.30711174  0.34234747  0.32330588  0.29429386  0.42935448  0.33201229  0.34694377  0.28600804  0.61708987  0.33887724  0.74972631  0.32588086  
CUCCA      0.29474411  0.36535407  0.17573792  0.21012454  0.26954461  0.21881519  0.21088113  0.17437824  0.29688063  0.22037114  0.23332734  0.26607094  0.27665412  0.39787016  0.00000000  0.20589214  0.39656553  0.26815424  0.18683485  0.45299191  0.19679342  0.57345162  0.19729884  0.19789783  0.22348921  0.31925980  0.45984386  0.28857462  0.27171864  0.26077628  0.19642374  0.23940008  0.20189999  0.23211043  0.21132643  0.19233881  0.32076807  0.22888366  0.23987061  0.17652748  0.48790259  0.23128272  0.63254156  0.22160034  
EGRGA      0.22077982  0.28084406  0.09865339  0.13938777  0.20583044  0.15283459  0.14371720  0.11099040  0.22615052  0.15202334  0.16863117  0.19886863  0.20121672  0.31164313  0.20589214  0.00000000  0.30948575  0.19319780  0.10386944  0.35980872  0.12117153  0.46166636  0.13343945  0.13366012  0.15485602  0.23855144  0.36962178  0.21854364  0.20052020  0.18800536  0.11140800  0.16969811  0.11055823  0.14220003  0.14428943  0.12436379  0.24392879  0.15866521  0.17133358  0.09902136  0.38393946  0.16185114  0.51398786  0.15170934  
EURHE      0.38576820  0.49974254  0.27462083  0.31108815  0.38017690  0.32549725  0.31368135  0.27328877  0.40588126  0.32861188  0.34906626  0.39083642  0.39007708  0.47146526  0.39656553  0.30948575  0.00000000  0.37323180  0.28429513  0.61682708  0.29633806  0.61207741  0.29187591  0.29254703  0.32969106  0.42281323  0.63108874  0.40883089  0.37543689  0.36229045  0.29691935  0.34673920  0.29548150  0.33437067  0.30509024  0.29207480  0.44350875  0.33926520  0.34024362  0.27612253  0.62479392  0.33450054  0.78724671  0.32712017  
FALPE      0.26615243  0.34465353  0.16500358  0.19538306  0.24098861  0.20652719  0.18011740  0.14912786  0.28882361  0.20267716  0.22621006  0.26317329  0.25497426  0.36046444  0.26815424  0.19319780  0.37323180  0.00000000  0.17208603  0.43830991  0.18246709  0.53965063  0.17218296  0.17299953  0.19367650  0.28541254  0.44343671  0.26109396  0.24253230  0.23087614  0.18405195  0.22146866  0.18810069  0.21994765  0.19900574  0.17534364  0.29667308  0.21497114  0.22667640  0.16588854  0.46837333  0.22237965  0.63292756  0.19489562  
FULGL      0.20082252  0.25485228  0.07646370  0.11939011  0.18164816  0.13462126  0.12243256  0.09113637  0.20221667  0.13006760  0.14578953  0.17937106  0.18197108  0.28785344  0.18683485  0.10386944  0.28429513  0.17208603  0.00000000  0.32777942  0.10008636  0.44012982  0.11448848  0.11486432  0.13695174  0.21788093  0.33587490  0.19216315  0.18142176  0.16506264  0.09377439  0.15091660  0.09725968  0.12458809  0.12562272  0.10540617  0.22430437  0.13648747  0.14947076  0.07650565  0.34475938  0.14170105  0.47318780  0.13240521  
GALGA      0.46126769  0.30719499  0.32079836  0.35357204  0.43872776  0.37657261  0.36095738  0.31925000  0.46956999  0.36394651  0.39163781  0.42852451  0.43146093  0.59379025  0.45299191  0.35980872  0.61682708  0.43830991  0.32777942  0.00000000  0.33515891  0.74641991  0.34565227  0.34644346  0.38080904  0.48980987  0.08059124  0.45651653  0.43501704  0.41809397  0.34297707  0.39787410  0.35088075  0.38659248  0.35679514  0.34074445  0.48943309  0.38297203  0.39750895  0.31978503  0.56212065  0.38319514  0.69763613  0.37908627  
GAVST      0.21305393  0.26378656  0.09317211  0.12548431  0.19338778  0.14538226  0.13490296  0.10245398  0.21619490  0.14171643  0.15831783  0.18762255  0.19587855  0.30181624  0.19679342  0.12117153  0.29633806  0.18246709  0.10008636  0.33515891  0.00000000  0.45530288  0.12378444  0.12393597  0.14747972  0.23057048  0.34286217  0.20641216  0.18963189  0.17822297  0.11197683  0.16134775  0.11391727  0.14255286  0.13543313  0.11178192  0.24091037  0.14664372  0.15882567  0.09488063  0.36341031  0.14914589  0.49418416  0.14209671  
GEOFO      0.41812990  0.67915935  0.43010766  0.47851736  0.50410581  0.48937436  0.46378590  0.41174784  0.60181035  0.47573667  0.52581473  0.52070788  0.54009581  0.25798246  0.57345162  0.46166636  0.61207741  0.53965063  0.44012982  0.74641991  0.45530288  0.00000000  0.43475480  0.43488192  0.47976579  0.38856525  0.75382815  0.55840495  0.51732445  0.51422670  0.45570374  0.50226196  0.45748211  0.49955888  0.47395271  0.43568219  0.62824118  0.49145600  0.49675855  0.43325801  0.79720857  0.50382251  0.99325628  0.49261148  
HALAL      0.20094288  0.27180577  0.10803984  0.13533507  0.18574007  0.14546939  0.12705017  0.09272931  0.22011040  0.14217079  0.16270409  0.19526996  0.18604814  0.28999891  0.19729884  0.13343945  0.29187591  0.17218296  0.11448848  0.34565227  0.12378444  0.43475480  0.00000000  0.00190514  0.13953679  0.21956251  0.35223500  0.19491625  0.18419939  0.16843534  0.12424399  0.15736547  0.12854916  0.15461168  0.13784182  0.11885467  0.22797604  0.15045503  0.16461603  0.10808393  0.36965429  0.15703742  0.50029188  0.13537712  
HALLE      0.20158415  0.27275204  0.10840057  0.13566304  0.18670292  0.14593008  0.12746071  0.09305528  0.22088691  0.14298237  0.16273172  0.19591189  0.18640414  0.29093386  0.19789783  0.13366012  0.29254703  0.17299953  0.11486432  0.34644346  0.12393597  0.43488192  0.00190514  0.00000000  0.13945640  0.22040601  0.35280228  0.19493552  0.18505698  0.16911886  0.12450564  0.15773025  0.12871575  0.15529498  0.13824509  0.11923613  0.22987045  0.15082950  0.16514222  0.10839946  0.37001525  0.15750419  0.50204456  0.13645882  
LEPDI      0.22815458  0.30031451  0.13057480  0.15836327  0.20445983  0.16934567  0.14807930  0.11521873  0.24633538  0.16621653  0.18941434  0.22227269  0.21260778  0.32380209  0.22348921  0.15485602  0.32969106  0.19367650  0.13695174  0.38080904  0.14747972  0.47976579  0.13953679  0.13945640  0.00000000  0.25144065  0.39489651  0.22351294  0.20479899  0.19253561  0.15077777  0.18322326  0.14956959  0.18082775  0.16054975  0.13817165  0.24882511  0.17215200  0.18348712  0.13154743  0.41324647  0.18330271  0.54047466  0.16114017  
MANVI      0.19631394  0.39944017  0.21189797  0.24787418  0.29393504  0.25165484  0.23506316  0.19807978  0.33780972  0.25042145  0.28046480  0.30925568  0.30042295  0.25264059  0.31925980  0.23855144  0.42281323  0.28541254  0.21788093  0.48980987  0.23057048  0.38856525  0.21956251  0.22040601  0.25144065  0.00000000  0.50240831  0.31278414  0.28969688  0.27837600  0.23348228  0.27097060  0.23483554  0.27333238  0.24973412  0.22191032  0.34474204  0.25878292  0.27389708  0.21440583  0.52669125  0.26550419  0.67205910  0.24636351  
MELGA      0.47037529  0.31630582  0.33011604  0.36443293  0.44793238  0.38504429  0.37107557  0.32683274  0.47934926  0.37214467  0.39739028  0.44276634  0.43945422  0.61336308  0.45984386  0.36962178  0.63108874  0.44343671  0.33587490  0.08059124  0.34286217  0.75382815  0.35223500  0.35280228  0.39489651  0.50240831  0.00000000  0.46475037  0.44333084  0.42868098  0.34890871  0.41188562  0.36076063  0.39082519  0.37064300  0.34783714  0.50090837  0.39146750  0.40990048  0.32970385  0.57159594  0.38697451  0.70481960  0.38681735  
MELUN      0.28897862  0.37049776  0.18861967  0.21910315  0.27622908  0.22943782  0.20289120  0.17227700  0.31074692  0.22677432  0.24650568  0.27897991  0.27085373  0.38817096  0.28857462  0.21854364  0.40883089  0.26109396  0.19216315  0.45651653  0.20641216  0.55840495  0.19491625  0.19493552  0.22351294  0.31278414  0.46475037  0.00000000  0.26727942  0.11891319  0.21131917  0.24682287  0.21442205  0.24312408  0.22705661  0.19739722  0.31834071  0.23404031  0.25171068  0.18842123  0.49845405  0.24450793  0.62179806  0.21954269  
MERNU      0.27019774  0.35296129  0.17368707  0.20634879  0.24788055  0.21107967  0.19015980  0.15959185  0.29224963  0.21233619  0.23299702  0.26883660  0.25511223  0.35466124  0.27171864  0.20052020  0.37543689  0.24253230  0.18142176  0.43501704  0.18963189  0.51732445  0.18419939  0.18505698  0.20479899  0.28969688  0.44333084  0.26727942  0.00000000  0.23540187  0.19452174  0.23012915  0.19448961  0.22590509  0.20467130  0.18499697  0.29333146  0.22231876  0.23426645  0.17561602  0.46606437  0.22781410  0.60261347  0.20468062  
NESNO      0.25354642  0.34240356  0.16182516  0.19045110  0.23977062  0.20046398  0.17582023  0.14628882  0.28341554  0.20001882  0.21862321  0.24992965  0.24111840  0.35456702  0.26077628  0.18800536  0.36229045  0.23087614  0.16506264  0.41809397  0.17822297  0.51422670  0.16843534  0.16911886  0.19253561  0.27837600  0.42868098  0.11891319  0.23540187  0.00000000  0.18269898  0.22040671  0.18553922  0.21232501  0.19155815  0.17008394  0.28552531  0.20608117  0.21714808  0.16238472  0.45835513  0.21503472  0.57854896  0.18843886  
NIPNI      0.21465721  0.26857222  0.09000339  0.13250352  0.19639168  0.14578101  0.13318427  0.10402926  0.21837559  0.14037725  0.15810799  0.18746485  0.19247361  0.30395705  0.19642374  0.11140800  0.29691935  0.18405195  0.09377439  0.34297707  0.11197683  0.45570374  0.12424399  0.12450564  0.15077777  0.23348228  0.34890871  0.21131917  0.19452174  0.18269898  0.00000000  0.15959642  0.10398974  0.13258850  0.13836982  0.11785181  0.24023718  0.15001247  0.16130256  0.08944468  0.36512564  0.15419413  0.49978146  0.14602827  
OPHHO      0.25435037  0.31919255  0.14356317  0.17107956  0.23500937  0.18384187  0.17031590  0.13693439  0.25968637  0.18112845  0.19881624  0.22920255  0.23687811  0.34896265  0.23940008  0.16969811  0.34673920  0.22146866  0.15091660  0.39787410  0.16134775  0.50226196  0.15736547  0.15773025  0.18322326  0.27097060  0.41188562  0.24682287  0.23012915  0.22040671  0.15959642  0.00000000  0.16408073  0.19378587  0.17853467  0.15750225  0.28387233  0.19408097  0.20803849  0.14429234  0.43381380  0.19737513  0.57164738  0.18285268  
PELCR      0.22098405  0.27222324  0.09043687  0.13215029  0.19918522  0.14941679  0.13598228  0.10648198  0.22441084  0.14313437  0.16082312  0.18892331  0.19741909  0.30711174  0.20189999  0.11055823  0.29548150  0.18810069  0.09725968  0.35088075  0.11391727  0.45748211  0.12854916  0.12871575  0.14956959  0.23483554  0.36076063  0.21442205  0.19448961  0.18553922  0.10398974  0.16408073  0.00000000  0.13414752  0.13904035  0.11688470  0.24517041  0.15179849  0.16592082  0.09145529  0.36791629  0.15360739  0.49430879  0.14613971  
PHACA      0.25200976  0.30944893  0.11920459  0.16161798  0.22947180  0.18079628  0.16801489  0.13109345  0.25305475  0.17594373  0.18916756  0.22337873  0.22926252  0.34234747  0.23211043  0.14220003  0.33437067  0.21994765  0.12458809  0.38659248  0.14255286  0.49955888  0.15461168  0.15529498  0.18082775  0.27333238  0.39082519  0.24312408  0.22590509  0.21232501  0.13258850  0.19378587  0.13414752  0.00000000  0.16767913  0.14570515  0.27769070  0.18024804  0.19299202  0.11837255  0.41103760  0.18485194  0.54277359  0.17912151  
PHALE      0.22837312  0.28530060  0.11894037  0.15280914  0.20966914  0.15708448  0.14950449  0.11742756  0.22873510  0.16018833  0.17718720  0.20661672  0.21046587  0.32330588  0.21132643  0.14428943  0.30509024  0.19900574  0.12562272  0.35679514  0.13543313  0.47395271  0.13784182  0.13824509  0.16054975  0.24973412  0.37064300  0.22705661  0.20467130  0.19155815  0.13836982  0.17853467  0.13904035  0.16767913  0.00000000  0.13600697  0.25225191  0.16731179  0.18339687  0.12106512  0.39213755  0.17592373  0.51436462  0.15747049  
PHORU      0.20619498  0.26445329  0.09824612  0.12684081  0.18649333  0.14497352  0.12874588  0.09543085  0.21556370  0.13519365  0.15485510  0.18096889  0.19077191  0.29429386  0.19233881  0.12436379  0.29207480  0.17534364  0.10540617  0.34074445  0.11178192  0.43568219  0.11885467  0.11923613  0.13817165  0.22191032  0.34783714  0.19739722  0.18499697  0.17008394  0.11785181  0.15750225  0.11688470  0.14570515  0.13600697  0.00000000  0.22980613  0.11151704  0.15264933  0.09987920  0.36100931  0.14282918  0.48626719  0.13757148  
PICPU      0.32268477  0.41061419  0.22099965  0.24801595  0.30237823  0.25759043  0.24022101  0.20239046  0.35292447  0.25786613  0.28366436  0.31738248  0.30728766  0.42935448  0.32076807  0.24392879  0.44350875  0.29667308  0.22430437  0.48943309  0.24091037  0.62824118  0.22797604  0.22987045  0.24882511  0.34474204  0.50090837  0.31834071  0.29333146  0.28552531  0.24023718  0.28387233  0.24517041  0.27769070  0.25225191  0.22980613  0.00000000  0.26735913  0.28417572  0.22238847  0.54970624  0.27483821  0.71309036  0.24810088  
PODCR      0.24165041  0.30880419  0.13154474  0.16125034  0.22218977  0.17664591  0.16005642  0.12769653  0.25257217  0.17325507  0.18990350  0.21313351  0.22548513  0.33201229  0.22888366  0.15866521  0.33926520  0.21497114  0.13648747  0.38297203  0.14664372  0.49145600  0.15045503  0.15082950  0.17215200  0.25878292  0.39146750  0.23404031  0.22231876  0.20608117  0.15001247  0.19408097  0.15179849  0.18024804  0.16731179  0.11151704  0.26735913  0.00000000  0.18781396  0.13284305  0.40461260  0.17667105  0.54596894  0.17155000  
PTEGU      0.25857747  0.31663655  0.14460423  0.17404761  0.23442611  0.19275431  0.17564861  0.14095414  0.27176009  0.18711627  0.20075678  0.22519721  0.23948415  0.34694377  0.23987061  0.17133358  0.34024362  0.22667640  0.14947076  0.39750895  0.15882567  0.49675855  0.16461603  0.16514222  0.18348712  0.27389708  0.40990048  0.25171068  0.23426645  0.21714808  0.16130256  0.20803849  0.16592082  0.19299202  0.18339687  0.15264933  0.28417572  0.18781396  0.00000000  0.14461621  0.41530289  0.19364198  0.55769749  0.18386453  
PYGAD      0.19928527  0.24332943  0.02921917  0.11370714  0.17726770  0.12955967  0.11903477  0.08678312  0.19735793  0.12579335  0.14154912  0.17376940  0.17757915  0.28600804  0.17652748  0.09902136  0.27612253  0.16588854  0.07650565  0.31978503  0.09488063  0.43325801  0.10808393  0.10839946  0.13154743  0.21440583  0.32970385  0.18842123  0.17561602  0.16238472  0.08944468  0.14429234  0.09145529  0.11837255  0.12106512  0.09987920  0.22238847  0.13284305  0.14461621  0.00000000  0.34663762  0.13469412  0.47873375  0.12699361  
STRCA      0.48866374  0.47120489  0.34606334  0.38080937  0.47120557  0.40827215  0.39627683  0.34347403  0.50947354  0.39497530  0.42851657  0.45439211  0.46054775  0.61708987  0.48790259  0.38393946  0.62479392  0.46837333  0.34475938  0.56212065  0.36341031  0.79720857  0.36965429  0.37001525  0.41324647  0.52669125  0.57159594  0.49845405  0.46606437  0.45835513  0.36512564  0.43381380  0.36791629  0.41103760  0.39213755  0.36100931  0.54970624  0.40461260  0.41530289  0.34663762  0.00000000  0.41058056  0.29830227  0.40541101  
TAUER      0.24949582  0.30870309  0.13351683  0.16391411  0.22947073  0.18117190  0.17054036  0.13184326  0.25257164  0.17434015  0.19280635  0.22239389  0.23386325  0.33887724  0.23128272  0.16185114  0.33450054  0.22237965  0.14170105  0.38319514  0.14914589  0.50382251  0.15703742  0.15750419  0.18330271  0.26550419  0.38697451  0.24450793  0.22781410  0.21503472  0.15419413  0.19737513  0.15360739  0.18485194  0.17592373  0.14282918  0.27483821  0.17667105  0.19364198  0.13469412  0.41058056  0.00000000  0.53662853  0.17850841  
TINMA      0.63485652  0.62029361  0.47397813  0.50745081  0.60725747  0.55216287  0.51917631  0.47156294  0.66763164  0.53160074  0.57266136  0.60400460  0.60166519  0.74972631  0.63254156  0.51398786  0.78724671  0.63292756  0.47318780  0.69763613  0.49418416  0.99325628  0.50029188  0.50204456  0.54047466  0.67205910  0.70481960  0.62179806  0.60261347  0.57854896  0.49978146  0.57164738  0.49430879  0.54277359  0.51436462  0.48626719  0.71309036  0.54596894  0.55769749  0.47873375  0.29830227  0.53662853  0.00000000  0.53856953  
TYTAL      0.22756760  0.29228517  0.12750106  0.15835532  0.21009757  0.16435174  0.14720648  0.11388549  0.24217490  0.16312389  0.18394656  0.21628467  0.20740435  0.32588086  0.22160034  0.15170934  0.32712017  0.19489562  0.13240521  0.37908627  0.14209671  0.49261148  0.13537712  0.13645882  0.16114017  0.24636351  0.38681735  0.21954269  0.20468062  0.18843886  0.14602827  0.18285268  0.14613971  0.17912151  0.15747049  0.13757148  0.24810088  0.17155000  0.18386453  0.12699361  0.40541101  0.17850841  0.53856953  0.00000000  

44
ACACH      0.00000000  0.76828725  0.36517897  0.43329997  0.53206765  0.45454316  0.39701273  0.31828960  0.53894916  0.45218788  0.51021789  0.52578708  0.53672602  0.42840102  0.60415453  0.42041923  0.58041490  0.52737288  0.35906318  0.89486837  0.40224776  0.52083121  0.36836020  0.37169099  0.42828191  0.33205966  0.94158097  0.57833597  0.50659169  0.49147689  0.39340832  0.50898589  0.41059601  0.49322112  0.42015926  0.39329367  0.62368949  0.44291911  0.49115165  0.37498089  1.30473189  0.50791281  1.20584592  0.43978872  
ANAPL      0.76828725  0.00000000  0.43979623  0.54459380  0.70127086  0.52423572  0.53190214  0.43384038  0.62314949  0.55655270  0.59824548  0.59902135  0.63940740  0.91391293  0.75545000  0.52503941  0.72913736  0.68729388  0.44769605  0.46760709  0.47938496  0.83330555  0.50911568  0.51061910  0.55702936  0.77258386  0.47543361  0.73046193  0.64153579  0.64335065  0.48238243  0.62839315  0.49398092  0.58457251  0.51036931  0.49282791  0.78197378  0.56521059  0.56398697  0.43868659  1.03812330  0.57939336  1.01928030  0.55468252  
APTFO      0.36517897  0.43979623  0.00000000  0.18814893  0.31717439  0.22071297  0.19957797  0.14430210  0.31524265  0.21882093  0.24045662  0.27492716  0.29292866  0.47517418  0.33264094  0.16847617  0.40461141  0.29604133  0.12049608  0.55663193  0.15438180  0.54635418  0.18443946  0.18485365  0.22486480  0.37521386  0.58085541  0.34177593  0.29829986  0.28762308  0.14980802  0.25809255  0.14521137  0.20495823  0.19893957  0.16572207  0.39772877  0.22167647  0.24319951  0.04680640  0.73698299  0.23723328  0.81014854  0.21983746  
BALRE      0.43329997  0.54459380  0.18814893  0.00000000  0.38627431  0.27541499  0.24728406  0.19053032  0.35516788  0.26946474  0.30099388  0.32374548  0.35856770  0.54921314  0.40098655  0.23985474  0.45687578  0.35097729  0.19328074  0.61643688  0.21109680  0.60799745  0.22983161  0.23187502  0.27920991  0.46224354  0.63586156  0.40160155  0.35908036  0.34484383  0.22369333  0.31301832  0.21969723  0.29197975  0.26222125  0.21764968  0.44761800  0.27780830  0.30151840  0.19521355  0.84175500  0.29831397  0.84785286  0.27417144  
BUCRH      0.53206765  0.70127086  0.31717439  0.38627431  0.00000000  0.38821004  0.35341833  0.28404629  0.50308640  0.39602840  0.46500392  0.46850437  0.46424804  0.60662908  0.53358750  0.38392880  0.56032624  0.45663390  0.32227302  0.80750624  0.35312896  0.60609003  0.33973595  0.34359859  0.37347395  0.54567741  0.83463516  0.52488522  0.46091928  0.44346615  0.35729782  0.44658899  0.35939658  0.43834786  0.37238454  0.34313385  0.56675980  0.40015270  0.42558319  0.32751198  1.15320163  0.43876733  1.03634278  0.38838091  
CAPCA      0.45454316  0.52423572  0.22071297  0.27541499  0.38821004  0.00000000  0.27047546  0.21191103  0.35173926  0.30113461  0.32475755  0.35371829  0.37140545  0.55326044  0.41435624  0.26986235  0.50021949  0.37534036  0.22255531  0.65457937  0.24927119  0.59989074  0.25391643  0.25358007  0.29753533  0.45404131  0.67299606  0.41454112  0.36611377  0.36267444  0.25171578  0.34024134  0.25466008  0.32552842  0.27063275  0.25276546  0.46446299  0.30906850  0.33392261  0.22817385  0.90270775  0.32860404  0.87737688  0.28329869  
CARCR      0.39701273  0.53190214  0.19957797  0.24728406  0.35341833  0.27047546  0.00000000  0.17141793  0.36826441  0.26890413  0.31176300  0.34276653  0.34154781  0.50862771  0.40216100  0.25037101  0.46825117  0.31251584  0.20073777  0.64843045  0.23115832  0.57583906  0.21373432  0.21540537  0.25484505  0.42591101  0.67262521  0.35952757  0.31793113  0.31009231  0.23068534  0.30576074  0.22777411  0.30436553  0.25753895  0.21918794  0.43389445  0.27008755  0.29909074  0.20553467  0.89178024  0.30351511  0.87569154  0.24920045  
CATAU      0.31828960  0.43384038  0.14430210  0.19053032  0.28404629  0.21191103  0.17141793  0.00000000  0.31225970  0.20676716  0.24620956  0.27526971  0.27302522  0.44516689  0.31906587  0.19254214  0.39511053  0.25645439  0.14965252  0.54007420  0.17272976  0.50693666  0.15431424  0.15524785  0.19557433  0.34455527  0.56422304  0.30193386  0.26528036  0.24905801  0.17420525  0.23593531  0.17565647  0.22814852  0.19430734  0.16012010  0.35722829  0.21167501  0.23150745  0.14853831  0.71133094  0.23409841  0.78218420  0.19410666  
CHAPE      0.53894916  0.62314949  0.31524265  0.35516788  0.50308640  0.35173926  0.36826441  0.31225970  0.00000000  0.40039989  0.40998074  0.41425227  0.47181896  0.59939562  0.51785140  0.36219363  0.47986006  0.47551574  0.30841129  0.71342696  0.33737747  0.58704104  0.35259288  0.35259366  0.38385101  0.54168304  0.72478296  0.51385385  0.45223930  0.46124156  0.34669363  0.44317301  0.35144032  0.41704229  0.34248516  0.33760401  0.54879727  0.39969362  0.43750743  0.31271910  0.95505568  0.43234008  0.90347968  0.39407710  
CHAVO      0.45218788  0.55655270  0.21882093  0.26946474  0.39602840  0.30113461  0.26890413  0.20676716  0.40039989  0.00000000  0.34537283  0.35812120  0.38681946  0.54572636  0.43394767  0.27306512  0.49737330  0.37311153  0.22156094  0.66370758  0.25453435  0.60538301  0.25182570  0.25326361  0.29649401  0.46972047  0.69245854  0.42933666  0.37200272  0.36710832  0.24867392  0.34175662  0.25242503  0.32870996  0.28220906  0.23664028  0.48068414  0.30513953  0.32765703  0.22599196  0.93498971  0.32302690  0.93814591  0.29227685  
CHLUN      0.51021789  0.59824548  0.24045662  0.30099388  0.46500392  0.32475755  0.31176300  0.24620956  0.40998074  0.34537283  0.00000000  0.37660347  0.41933163  0.65904133  0.46479226  0.30444002  0.51911089  0.42637689  0.24339964  0.72611977  0.27946922  0.69869330  0.28796982  0.28669959  0.34779387  0.52948489  0.73985798  0.46398596  0.42005573  0.40725878  0.27941928  0.36715197  0.28002759  0.34550449  0.30702000  0.27737267  0.54049339  0.33494196  0.34855908  0.24380323  1.02784490  0.36290544  1.03901485  0.33602688  
COLLI      0.52578708  0.59902135  0.27492716  0.32374548  0.46850437  0.35371829  0.34276653  0.27526971  0.41425227  0.35812120  0.37660347  0.00000000  0.43175267  0.60601141  0.46007714  0.32214009  0.50448297  0.44057240  0.28260642  0.70522175  0.30537487  0.58892353  0.32157487  0.32169242  0.36858851  0.52570636  0.73206773  0.46798071  0.43644199  0.41430912  0.30230890  0.38247701  0.29688116  0.37195708  0.32354861  0.29727842  0.54213797  0.35005819  0.36637066  0.28164304  0.87952051  0.37485857  0.87767885  0.35596211  
COLST      0.53672602  0.63940740  0.29292866  0.35856770  0.46424804  0.37140545  0.34154781  0.27302522  0.47181896  0.38681946  0.41933163  0.43175267  0.00000000  0.61382886  0.51480010  0.34767551  0.57079766  0.46743696  0.29820936  0.75207422  0.34006651  0.64484727  0.31246985  0.31463216  0.36165438  0.53883997  0.77321846  0.50210320  0.44023862  0.42992782  0.32404471  0.42162684  0.34024959  0.41383954  0.35231471  0.33011310  0.53818632  0.38659821  0.41559068  0.29790859  1.00400079  0.42440758  0.97462679  0.36434600  
CORBR      0.42840102  0.91391293  0.47517418  0.54921314  0.60662908  0.55326044  0.50862771  0.44516689  0.59939562  0.54572636  0.65904133  0.60601141  0.61382886  0.00000000  0.71598730  0.53384291  0.63214211  0.63608789  0.47501420  1.03932725  0.50400198  0.30448319  0.48642097  0.49064390  0.55281201  0.39796382  1.08003431  0.68150132  0.60262543  0.62835605  0.50494120  0.61601371  0.52215165  0.60554387  0.53793570  0.49798276  0.76873664  0.54775043  0.59301064  0.48451085  1.33016496  0.59442031  1.10080141  0.56356845  
CUCCA      0.60415453  0.75545000  0.33264094  0.40098655  0.53358750  0.41435624  0.40216100  0.31906587  0.51785140  0.43394767  0.46479226  0.46007714  0.51480010  0.71598730  0.00000000  0.39472228  0.61750310  0.54465206  0.33931065  0.88578018  0.37462612  0.72885776  0.37590422  0.37766550  0.42318402  0.63078376  0.92228802  0.58490826  0.51432869  0.52674928  0.36797979  0.46322303  0.37574674  0.45927045  0.39057681  0.36856836  0.63333395  0.43154298  0.44652415  0.33628668  1.33320290  0.46934961  1.18276500  0.43448843  
EGRGA      0.42041923  0.52503941  0.16847617  0.23985474  0.38392880  0.26986235  0.25037101  0.19254214  0.36219363  0.27306512  0.30444002  0.32214009  0.34767551  0.53384291  0.39472228  0.00000000  0.45708722  0.35989225  0.17104477  0.64638097  0.20933333  0.58223907  0.23245369  0.23222365  0.27797739  0.43500224  0.66696192  0.42134546  0.34969635  0.35120556  0.18789831  0.31667689  0.18471302  0.24873049  0.25044199  0.21535406  0.44767144  0.27781593  0.29480609  0.17095636  0.86600912  0.29327121  0.87213934  0.26814904  
EURHE      0.58041490  0.72913736  0.40461141  0.45687578  0.56032624  0.50021949  0.46825117  0.39511053  0.47986006  0.49737330  0.51911089  0.50448297  0.57079766  0.63214211  0.61750310  0.45708722  0.00000000  0.57341969  0.41151164  0.83322877  0.43052567  0.59762943  0.43115278  0.43231857  0.47412933  0.65634634  0.83962227  0.61540775  0.54060748  0.54148844  0.43816489  0.53758339  0.42355165  0.51800119  0.43684561  0.43373013  0.64112872  0.49645400  0.48324570  0.40887959  1.05177397  0.49606606  0.89537233  0.48856630  
FALPE      0.52737288  0.68729388  0.29604133  0.35097729  0.45663390  0.37534036  0.31251584  0.25645439  0.47551574  0.37311153  0.42637689  0.44057240  0.46743696  0.63608789  0.54465206  0.35989225  0.57341969  0.00000000  0.30126967  0.83254765  0.32779443  0.69174987  0.30310759  0.30560062  0.34856739  0.53207122  0.85044653  0.49909104  0.44710075  0.42400829  0.32532039  0.42227447  0.33652617  0.42136759  0.35187564  0.31639232  0.56065307  0.38881278  0.40487718  0.29891391  1.21379069  0.42039507  1.13402293  0.35997184  
FULGL      0.35906318  0.44769605  0.12049608  0.19328074  0.32227302  0.22255531  0.20073777  0.14965252  0.30841129  0.22156094  0.24339964  0.28260642  0.29820936  0.47501420  0.33931065  0.17104477  0.41151164  0.30126967  0.00000000  0.55457731  0.16166671  0.55791040  0.18833535  0.18892342  0.22700715  0.37913602  0.57839382  0.34181794  0.30087199  0.28860942  0.15072527  0.26416967  0.15568663  0.21046818  0.20690465  0.17678267  0.38534439  0.22873190  0.24751634  0.12462062  0.72171487  0.24965039  0.75966553  0.22709731  
GALGA      0.89486837  0.46760709  0.55663193  0.61643688  0.80750624  0.65457937  0.64843045  0.54007420  0.71342696  0.66370758  0.72611977  0.70522175  0.75207422  1.03932725  0.88578018  0.64638097  0.83322877  0.83254765  0.55457731  0.00000000  0.57871747  0.82334971  0.62648361  0.62835562  0.66884803  0.90651409  0.11450397  0.87186563  0.75777112  0.77829407  0.56649759  0.73710570  0.61235545  0.69717529  0.59409234  0.59310705  0.92592272  0.67330847  0.68730616  0.55627251  1.11875847  0.68983231  1.01384344  0.69197042  
GAVST      0.40224776  0.47938496  0.15438180  0.21109680  0.35312896  0.24927119  0.23115832  0.17272976  0.33737747  0.25453435  0.27946922  0.30537487  0.34006651  0.50400198  0.37462612  0.20933333  0.43052567  0.32779443  0.16166671  0.57871747  0.00000000  0.56392375  0.21392237  0.21417926  0.25896584  0.40618365  0.59979756  0.38093143  0.32629285  0.32020034  0.18854482  0.29327907  0.18854361  0.24986615  0.22916616  0.18898411  0.43483005  0.25130153  0.26680711  0.16237382  0.79235257  0.27223069  0.83602372  0.24977712  
GEOFO      0.52083121  0.83330555  0.54635418  0.60799745  0.60609003  0.59989074  0.57583906  0.50693666  0.58704104  0.60538301  0.69869330  0.58892353  0.64484727  0.30448319  0.72885776  0.58223907  0.59762943  0.69174987  0.55791040  0.82334971  0.56392375  0.00000000  0.55495460  0.55560645  0.59220873  0.44267373  0.84293668  0.68579469  0.63308534  0.63270192  0.56241300  0.64110946  0.57944505  0.63939339  0.57408661  0.55711378  0.77323926  0.61587446  0.61725387  0.55176753  1.07486687  0.67224281  1.05348831  0.62827572  
HALAL      0.36836020  0.50911568  0.18443946  0.22983161  0.33973595  0.25391643  0.21373432  0.15431424  0.35259288  0.25182570  0.28796982  0.32157487  0.31246985  0.48642097  0.37590422  0.23245369  0.43115278  0.30310759  0.18833535  0.62648361  0.21392237  0.55495460  0.00000000  0.00371395  0.24163316  0.39320245  0.64455176  0.35667648  0.31399840  0.30150682  0.21043206  0.28430565  0.21783932  0.27383927  0.23612146  0.20252422  0.39965415  0.25073270  0.27831530  0.18526625  0.81917989  0.28605553  0.86425980  0.23503333  
HALLE      0.37169099  0.51061910  0.18485365  0.23187502  0.34359859  0.25358007  0.21540537  0.15524785  0.35259366  0.25326361  0.28669959  0.32169242  0.31463216  0.49064390  0.37766550  0.23222365  0.43231857  0.30560062  0.18892342  0.62835562  0.21417926  0.55560645  0.00371395  0.00000000  0.24316997  0.39607070  0.64436437  0.35639722  0.31854351  0.30317843  0.21103521  0.28745559  0.21802326  0.27561143  0.23904277  0.20390033  0.40697114  0.25256592  0.27886680  0.18532578  0.82160362  0.28581465  0.86790771  0.23876672  
LEPDI      0.42828191  0.55702936  0.22486480  0.27920991  0.37347395  0.29753533  0.25484505  0.19557433  0.38385101  0.29649401  0.34779387  0.36858851  0.36165438  0.55281201  0.42318402  0.27797739  0.47412933  0.34856739  0.22700715  0.66884803  0.25896584  0.59220873  0.24163316  0.24316997  0.00000000  0.44354472  0.70213360  0.41388071  0.36354667  0.33786280  0.26276880  0.33562417  0.25759516  0.33477478  0.28396553  0.23982296  0.44069272  0.29381330  0.31301665  0.23095287  0.93710569  0.33873412  0.88003096  0.28378892  
MANVI      0.33205966  0.77258386  0.37521386  0.46224354  0.54567741  0.45404131  0.42591101  0.34455527  0.54168304  0.46972047  0.52948489  0.52570636  0.53883997  0.39796382  0.63078376  0.43500224  0.65634634  0.53207122  0.37913602  0.90651409  0.40618365  0.44267373  0.39320245  0.39607070  0.44354472  0.00000000  0.93840625  0.59576044  0.51856247  0.52208955  0.41651969  0.51611474  0.42110870  0.52090969  0.43346799  0.40211892  0.65768019  0.47400701  0.48679811  0.38476020  1.28153859  0.50015721  1.18466916  0.45324447  
MELGA      0.94158097  0.47543361  0.58085541  0.63586156  0.83463516  0.67299606  0.67262521  0.56422304  0.72478296  0.69245854  0.73985798  0.73206773  0.77321846  1.08003431  0.92228802  0.66696192  0.83962227  0.85044653  0.57839382  0.11450397  0.59979756  0.84293668  0.64455176  0.64436437  0.70213360  0.93840625  0.00000000  0.90099685  0.77343467  0.80765666  0.58676843  0.78033023  0.64042793  0.71387017  0.63151226  0.61420410  0.96028360  0.69679803  0.71305721  0.58202995  1.16819075  0.70678721  1.03877704  0.71857922  
MELUN      0.57833597  0.73046193  0.34177593  0.40160155  0.52488522  0.41454112  0.35952757  0.30193386  0.51385385  0.42933666  0.46398596  0.46798071  0.50210320  0.68150132  0.58490826  0.42134546  0.61540775  0.49909104  0.34181794  0.87186563  0.38093143  0.68579469  0.35667648  0.35639722  0.41388071  0.59576044  0.90099685  0.00000000  0.48306736  0.19326677  0.38518031  0.48560585  0.38833878  0.46989783  0.40686776  0.35778585  0.62129253  0.41674375  0.45777501  0.34489687  1.23886947  0.47212435  1.02504291  0.40451330  
MERNU      0.50659169  0.64153579  0.29829986  0.35908036  0.46091928  0.36611377  0.31793113  0.26528036  0.45223930  0.37200272  0.42005573  0.43644199  0.44023862  0.60262543  0.51432869  0.34969635  0.54060748  0.44710075  0.30087199  0.75777112  0.32629285  0.63308534  0.31399840  0.31854351  0.36354667  0.51856247  0.77343467  0.48306736  0.00000000  0.41783937  0.33451785  0.41086120  0.33494121  0.41272905  0.34605184  0.31701498  0.52371832  0.38664744  0.40389523  0.30613843  1.05270911  0.40892167  0.95304063  0.36095274  
NESNO      0.49147689  0.64335065  0.28762308  0.34484383  0.44346615  0.36267444  0.31009231  0.24905801  0.46124156  0.36710832  0.40725878  0.41430912  0.42992782  0.62835605  0.52674928  0.35120556  0.54148844  0.42400829  0.28860942  0.77829407  0.32020034  0.63270192  0.30150682  0.30317843  0.33786280  0.52208955  0.80765666  0.19326677  0.41783937  0.00000000  0.32539340  0.42528130  0.32772176  0.39866927  0.33712699  0.30439532  0.54481104  0.35988890  0.38262620  0.29073490  1.09952800  0.40815012  0.98954696  0.33687171  
