44
ACACH      0.0000000 0.2844223 0.1681485 0.1910347 0.2220417 0.1960322 0.1809532 0.1553726 0.2499056 0.1948578 0.2112394 0.2326970 0.2279591 0.2153565 0.2357311 0.1860747 0.2826260 0.2172836 0.1719076 0.3290596 0.1806378 0.3042841 0.1716394 0.1720963 0.1911952 0.1676250 0.3338673 0.2321934 0.2203330 0.2094762 0.1813874 0.2089715 0.1850304 0.2063527 0.1908922 0.1754022 0.2524758 0.2010022 0.2110058 0.1705385 0.3407207 0.2052575 0.4105466 0.1920147 
ANAPL      0.2844223 0.0000000 0.2030580 0.2321530 0.2728254 0.2349582 0.2259491 0.2003327 0.2883082 0.2306693 0.2485705 0.2692649 0.2712715 0.3413143 0.2772110 0.2258111 0.3398917 0.2654662 0.2088541 0.2420346 0.2149532 0.4232401 0.2201110 0.2205804 0.2376229 0.2951276 0.2477464 0.2805110 0.2708233 0.2639082 0.2175162 0.2497363 0.2194014 0.2426706 0.2279217 0.2147223 0.3024483 0.2441129 0.2478036 0.2013137 0.3312044 0.2425078 0.4030476 0.2351544 
APTFO      0.1681485 0.2030580 0.0000000 0.1018996 0.1488938 0.1146452 0.1056812 0.0795748 0.1695880 0.1112689 0.1257203 0.1475994 0.1531985 0.2242698 0.1515340 0.0901348 0.2157644 0.1431819 0.0712782 0.2480660 0.0856871 0.3084442 0.0980784 0.0983516 0.1163022 0.1767745 0.2536163 0.1614040 0.1503222 0.1411977 0.0826322 0.1265958 0.0829863 0.1067707 0.1068575 0.0897308 0.1836843 0.1175199 0.1271236 0.0283955 0.2602873 0.1183351 0.3328367 0.1145016 
BALRE      0.1910347 0.2321530 0.1018996 0.0000000 0.1745381 0.1386894 0.1290202 0.1031265 0.1888541 0.1355513 0.1502955 0.1709238 0.1765591 0.2467182 0.1768363 0.1239324 0.2391815 0.1665183 0.1079020 0.2685250 0.1129402 0.3326684 0.1206861 0.1209209 0.1385694 0.2019721 0.2749091 0.1834348 0.1745855 0.1630657 0.1180581 0.1484129 0.1176027 0.1405524 0.1340209 0.1136228 0.2033970 0.1414239 0.1499529 0.1031608 0.2813105 0.1423519 0.3512201 0.1392869 
BUCRH      0.2220417 0.2728254 0.1488938 0.1745381 0.0000000 0.1791679 0.1650567 0.1405892 0.2346404 0.1776598 0.1960077 0.2168284 0.2125275 0.2661367 0.2154431 0.1725376 0.2758730 0.1965773 0.1549442 0.3118128 0.1636136 0.3441071 0.1578569 0.1585103 0.1711458 0.2300345 0.3169775 0.2200877 0.2019426 0.1965960 0.1651872 0.1924336 0.1668382 0.1878390 0.1744229 0.1582214 0.2355556 0.1844553 0.1914653 0.1516716 0.3247513 0.1879866 0.3925432 0.1760834 
CAPCA      0.1960322 0.2349582 0.1146452 0.1386894 0.1791679 0.0000000 0.1368201 0.1115587 0.1922118 0.1430344 0.1582598 0.1802287 0.1825761 0.2523800 0.1828280 0.1343220 0.2471606 0.1739585 0.1199531 0.2809714 0.1285719 0.3369106 0.1284459 0.1288017 0.1466868 0.2037619 0.2863996 0.1905940 0.1780644 0.1702631 0.1284256 0.1577206 0.1309230 0.1545839 0.1372474 0.1276854 0.2094507 0.1525846 0.1633934 0.1158472 0.2955580 0.1551802 0.3711858 0.1437560 
CARCR      0.1809532 0.2259491 0.1056812 0.1290202 0.1650567 0.1368201 0.0000000 0.0951613 0.1908662 0.1345123 0.1507056 0.1756314 0.1712176 0.2385026 0.1769553 0.1270054 0.2393030 0.1549743 0.1099521 0.2722053 0.1201088 0.3252220 0.1136931 0.1139868 0.1302922 0.1932106 0.2781768 0.1719318 0.1628925 0.1520303 0.1184588 0.1473833 0.1202844 0.1449901 0.1311084 0.1147689 0.1972179 0.1401375 0.1510686 0.1071107 0.2887449 0.1467912 0.3557138 0.1302946 
CATAU      0.1553726 0.2003327 0.0795748 0.1031265 0.1405892 0.1115587 0.0951613 0.0000000 0.1686632 0.1092747 0.1250849 0.1494519 0.1445619 0.2158413 0.1506009 0.1007396 0.2151775 0.1315292 0.0841401 0.2485025 0.0937031 0.2995393 0.0854375 0.0856887 0.1041185 0.1675807 0.2531646 0.1495387 0.1398744 0.1295038 0.0946943 0.1217890 0.0965026 0.1166672 0.1057162 0.0874986 0.1712250 0.1146695 0.1245121 0.0802942 0.2601434 0.1172101 0.3334306 0.1036308 
CHAPE      0.2499056 0.2883082 0.1695880 0.1888541 0.2346404 0.1922118 0.1908662 0.1686632 0.0000000 0.1982653 0.2088340 0.2311475 0.2389088 0.3039073 0.2372814 0.1897864 0.2941510 0.2314635 0.1729271 0.3325713 0.1824782 0.3895570 0.1849477 0.1854508 0.2029620 0.2600771 0.3375255 0.2464906 0.2341854 0.2278422 0.1836639 0.2119234 0.1868597 0.2064174 0.1909804 0.1817247 0.2696916 0.2076612 0.2193457 0.1688450 0.3481456 0.2070298 0.4201055 0.2017702 
CHAVO      0.1948578 0.2306693 0.1112689 0.1355513 0.1776598 0.1430344 0.1345123 0.1092747 0.1982653 0.0000000 0.1584064 0.1784720 0.1819825 0.2473043 0.1838152 0.1332345 0.2486589 0.1711448 0.1160645 0.2741340 0.1254718 0.3310504 0.1259124 0.1264977 0.1440277 0.2034028 0.2792346 0.1889377 0.1787262 0.1697279 0.1239203 0.1555009 0.1259594 0.1506454 0.1393915 0.1200514 0.2091542 0.1499283 0.1590708 0.1125296 0.2885186 0.1499802 0.3606978 0.1428467 
CHLUN      0.2112394 0.2485705 0.1257203 0.1502955 0.1960077 0.1582598 0.1507056 0.1250849 0.2088340 0.1584064 0.0000000 0.1889150 0.1980651 0.2708679 0.1939373 0.1466999 0.2615484 0.1884413 0.1293725 0.2903936 0.1388708 0.3552410 0.1420510 0.1420814 0.1619655 0.2236291 0.2938069 0.2026007 0.1933687 0.1836448 0.1382939 0.1692290 0.1401413 0.1613308 0.1528725 0.1358503 0.2261106 0.1630161 0.1698960 0.1257812 0.3064976 0.1641628 0.3800968 0.1588117 
COLLI      0.2326970 0.2692649 0.1475994 0.1709238 0.2168284 0.1802287 0.1756314 0.1494519 0.2311475 0.1784720 0.1889150 0.0000000 0.2175011 0.2811727 0.2144919 0.1682455 0.2817283 0.2119219 0.1541111 0.3081732 0.1603028 0.3531184 0.1654776 0.1658885 0.1845839 0.2397050 0.3155238 0.2220991 0.2166160 0.2036335 0.1595823 0.1896250 0.1604071 0.1844551 0.1734853 0.1549195 0.2458832 0.1790580 0.1864868 0.1496499 0.3190840 0.1843721 0.3918446 0.1813024 
COLST      0.2279591 0.2712715 0.1531985 0.1765591 0.2125275 0.1825761 0.1712176 0.1445619 0.2389088 0.1819825 0.1980651 0.2175011 0.0000000 0.2767677 0.2228562 0.1713649 0.2852492 0.2083551 0.1571942 0.3134324 0.1671965 0.3627391 0.1602092 0.1604005 0.1790282 0.2370887 0.3179774 0.2195656 0.2092117 0.1995975 0.1644349 0.1960130 0.1676633 0.1904584 0.1772314 0.1632131 0.2425517 0.1890726 0.1973160 0.1538491 0.3251801 0.1934032 0.3950423 0.1768804 
CORBR      0.2153565 0.3413143 0.2242698 0.2467182 0.2661367 0.2523800 0.2385026 0.2158413 0.3039073 0.2473043 0.2708679 0.2811727 0.2767677 0.0000000 0.2906173 0.2425441 0.3235730 0.2706589 0.2272718 0.3836044 0.2355799 0.2092754 0.2282555 0.2286681 0.2493918 0.2042082 0.3911260 0.2863142 0.2677594 0.2675858 0.2365825 0.2637283 0.2380537 0.2590808 0.2484337 0.2303294 0.3078416 0.2543707 0.2621656 0.2262288 0.3884369 0.2575811 0.4437465 0.2516784 
CUCCA      0.2357311 0.2772110 0.1515340 0.1768363 0.2154431 0.1828280 0.1769553 0.1506009 0.2372814 0.1838152 0.1939373 0.2144919 0.2228562 0.2906173 0.0000000 0.1738200 0.2857946 0.2159241 0.1600398 0.3217259 0.1674123 0.3753821 0.1675564 0.1679287 0.1857302 0.2473013 0.3257582 0.2301899 0.2191744 0.2116077 0.1668670 0.1970948 0.1700976 0.1912811 0.1770493 0.1637411 0.2491242 0.1903827 0.1967607 0.1523635 0.3351952 0.1908390 0.4048065 0.1859265 
EGRGA      0.1860747 0.2258111 0.0901348 0.1239324 0.1725376 0.1343220 0.1270054 0.1007396 0.1897864 0.1332345 0.1466999 0.1682455 0.1713649 0.2425441 0.1738200 0.0000000 0.2371280 0.1646507 0.0948398 0.2716000 0.1092046 0.3244968 0.1189618 0.1191135 0.1356628 0.1958765 0.2771875 0.1830245 0.1706708 0.1611692 0.1009287 0.1470288 0.1000069 0.1253505 0.1274681 0.1114894 0.2000651 0.1389989 0.1478122 0.0907875 0.2822822 0.1406578 0.3530666 0.1341257 
EURHE      0.2826260 0.3398917 0.2157644 0.2391815 0.2758730 0.2471606 0.2393030 0.2151775 0.2941510 0.2486589 0.2615484 0.2817283 0.2852492 0.3235730 0.2857946 0.2371280 0.0000000 0.2745395 0.2225035 0.3881923 0.2298609 0.3871380 0.2268764 0.2272048 0.2486986 0.2987916 0.3933869 0.2932796 0.2752910 0.2685823 0.2295566 0.2596311 0.2284334 0.2520124 0.2345385 0.2266830 0.3105139 0.2548791 0.2554007 0.2172284 0.3879508 0.2521826 0.4537934 0.2488266 
FALPE      0.2172836 0.2654662 0.1431819 0.1665183 0.1965773 0.1739585 0.1549743 0.1315292 0.2314635 0.1711448 0.1884413 0.2119219 0.2083551 0.2706589 0.2159241 0.1646507 0.2745395 0.0000000 0.1489972 0.3146696 0.1567195 0.3618844 0.1491189 0.1496856 0.1649100 0.2265405 0.3176648 0.2121891 0.1997720 0.1916236 0.1576202 0.1846790 0.1601286 0.1828841 0.1683275 0.1511739 0.2342368 0.1806965 0.1875885 0.1442675 0.3248737 0.1847015 0.4032389 0.1668019 
FULGL      0.1719076 0.2088541 0.0712782 0.1079020 0.1549442 0.1199531 0.1099521 0.0841401 0.1729271 0.1160645 0.1293725 0.1541111 0.1571942 0.2272718 0.1600398 0.0948398 0.2225035 0.1489972 0.0000000 0.2527921 0.0917996 0.3131344 0.1035740 0.1038697 0.1216805 0.1815883 0.2579826 0.1642484 0.1565101 0.1440772 0.0861855 0.1326191 0.0889738 0.1114198 0.1124896 0.0959068 0.1865251 0.1217956 0.1313455 0.0715367 0.2609071 0.1251394 0.3342820 0.1188827 
GALGA      0.3290596 0.2420346 0.2480660 0.2685250 0.3118128 0.2809714 0.2722053 0.2485025 0.3325713 0.2741340 0.2903936 0.3081732 0.3134324 0.3836044 0.3217259 0.2716000 0.3881923 0.3146696 0.2527921 0.0000000 0.2581224 0.4441617 0.2633429 0.2636037 0.2829713 0.3384035 0.0751178 0.3242443 0.3132258 0.3047041 0.2612222 0.2924080 0.2657091 0.2849881 0.2692025 0.2602375 0.3403107 0.2861668 0.2918472 0.2481371 0.3702025 0.2844130 0.4273944 0.2841591 
GAVST      0.1806378 0.2149532 0.0856871 0.1129402 0.1636136 0.1285719 0.1201088 0.0937031 0.1824782 0.1254718 0.1388708 0.1603028 0.1671965 0.2355799 0.1674123 0.1092046 0.2298609 0.1567195 0.0917996 0.2581224 0.0000000 0.3215325 0.1112903 0.1114058 0.1298000 0.1904089 0.2629262 0.1745209 0.1626193 0.1538146 0.1014728 0.1408854 0.1027694 0.1257066 0.1203491 0.1013359 0.1979182 0.1299145 0.1384493 0.0873351 0.2715918 0.1309485 0.3445201 0.1266817 
GEOFO      0.3042841 0.4232401 0.3084442 0.3326684 0.3441071 0.3369106 0.3252220 0.2995393 0.3895570 0.3310504 0.3552410 0.3531184 0.3627391 0.2092754 0.3753821 0.3244968 0.3871380 0.3618844 0.3131344 0.4441617 0.3215325 0.0000000 0.3110716 0.3112046 0.3330880 0.2882479 0.4467618 0.3700443 0.3525970 0.3501675 0.3204305 0.3448570 0.3209430 0.3424871 0.3302823 0.3108040 0.3974699 0.3390826 0.3413914 0.3101943 0.4571925 0.3440076 0.5181148 0.3408832 
HALAL      0.1716394 0.2201110 0.0980784 0.1206861 0.1578569 0.1284459 0.1136931 0.0854375 0.1849477 0.1259124 0.1420510 0.1654776 0.1602092 0.2282555 0.1675564 0.1189618 0.2268764 0.1491189 0.1035740 0.2633429 0.1112903 0.3110716 0.0000000 0.0019007 0.1237166 0.1826189 0.2677535 0.1661050 0.1583683 0.1463548 0.1114246 0.1379204 0.1145848 0.1351629 0.1222349 0.1070425 0.1891472 0.1328620 0.1427876 0.0983450 0.2745555 0.1369146 0.3460890 0.1212419 
HALLE      0.1720963 0.2205804 0.0983516 0.1209209 0.1585103 0.1288017 0.1139868 0.0856887 0.1854508 0.1264977 0.1420814 0.1658885 0.1604005 0.2286681 0.1679287 0.1191135 0.2272048 0.1496856 0.1038697 0.2636037 0.1114058 0.3112046 0.0019007 0.0000000 0.1236012 0.1831604 0.2678867 0.1660476 0.1589208 0.1468506 0.1116032 0.1381609 0.1146982 0.1356585 0.1225175 0.1073218 0.1903461 0.1331231 0.1431571 0.0985878 0.2747227 0.1372531 0.3470130 0.1220512 
LEPDI      0.1911952 0.2376229 0.1163022 0.1385694 0.1711458 0.1466868 0.1302922 0.1041185 0.2029620 0.1440277 0.1619655 0.1845839 0.1790282 0.2493918 0.1857302 0.1356628 0.2486986 0.1649100 0.1216805 0.2829713 0.1298000 0.3330880 0.1237166 0.1236012 0.0000000 0.2040154 0.2904435 0.1860514 0.1731070 0.1642761 0.1320320 0.1571049 0.1309954 0.1544597 0.1394965 0.1224273 0.2030714 0.1493760 0.1569418 0.1172536 0.2970110 0.1562947 0.3652859 0.1411031 
MANVI      0.1676250 0.2951276 0.1767745 0.2019721 0.2300345 0.2037619 0.1932106 0.1675807 0.2600771 0.2034028 0.2236291 0.2397050 0.2370887 0.2042082 0.2473013 0.1958765 0.2987916 0.2265405 0.1815883 0.3384035 0.1904089 0.2882479 0.1826189 0.1831604 0.2040154 0.0000000 0.3445164 0.2431075 0.2298346 0.2219366 0.1916898 0.2174755 0.1923749 0.2172765 0.2025259 0.1839001 0.2621059 0.2098758 0.2182521 0.1790079 0.3521989 0.2131648 0.4193244 0.2021804 
MELGA      0.3338673 0.2477464 0.2536163 0.2749091 0.3169775 0.2863996 0.2781768 0.2531646 0.3375255 0.2792346 0.2938069 0.3155238 0.3179774 0.3911260 0.3257582 0.2771875 0.3933869 0.3176648 0.2579826 0.0751178 0.2629262 0.4467618 0.2677535 0.2678867 0.2904435 0.3445164 0.0000000 0.3287346 0.3175548 0.3106240 0.2652488 0.3000960 0.2712097 0.2877769 0.2772156 0.2647324 0.3458553 0.2910574 0.2987599 0.2540572 0.3751228 0.2874488 0.4311869 0.2889216 
MELUN      0.2321934 0.2805110 0.1614040 0.1834348 0.2200877 0.1905940 0.1719318 0.1495387 0.2464906 0.1889377 0.2026007 0.2220991 0.2195656 0.2863142 0.2301899 0.1830245 0.2932796 0.2121891 0.1642484 0.3242443 0.1745209 0.3700443 0.1661050 0.1660476 0.1860514 0.2431075 0.3287346 0.0000000 0.2161997 0.1076280 0.1770849 0.2025678 0.1794194 0.1991358 0.1882523 0.1678863 0.2478530 0.1946251 0.2052706 0.1616419 0.3409489 0.2003909 0.4010702 0.1848452 
MERNU      0.2203330 0.2708233 0.1503222 0.1745855 0.2019426 0.1780644 0.1628925 0.1398744 0.2341854 0.1787262 0.1933687 0.2166160 0.2092117 0.2677594 0.2191744 0.1706708 0.2752910 0.1997720 0.1565101 0.3132258 0.1626193 0.3525970 0.1583683 0.1589208 0.1731070 0.2298346 0.3175548 0.2161997 0.0000000 0.1953938 0.1656531 0.1913997 0.1650764 0.1875414 0.1725153 0.1588829 0.2324925 0.1863729 0.1933429 0.1520772 0.3252768 0.1891643 0.3948029 0.1744839 
NESNO      0.2094762 0.2639082 0.1411977 0.1630657 0.1965960 0.1702631 0.1520303 0.1295038 0.2278422 0.1697279 0.1836448 0.2036335 0.1995975 0.2675858 0.2116077 0.1611692 0.2685823 0.1916236 0.1440772 0.3047041 0.1538146 0.3501675 0.1463548 0.1468506 0.1642761 0.2219366 0.3106240 0.1076280 0.1953938 0.0000000 0.1567074 0.1842765 0.1585444 0.1777529 0.1632909 0.1475250 0.2273606 0.1748634 0.1816512 0.1418690 0.3213282 0.1798440 0.3833147 0.1625038 
NIPNI      0.1813874 0.2175162 0.0826322 0.1180581 0.1651872 0.1284256 0.1184588 0.0946943 0.1836639 0.1239203 0.1382939 0.1595823 0.1644349 0.2365825 0.1668670 0.1009287 0.2295566 0.1576202 0.0861855 0.2612222 0.1014728 0.3204305 0.1114246 0.1116032 0.1320320 0.1916898 0.2652488 0.1770849 0.1656531 0.1567074 0.0000000 0.1392536 0.0943686 0.1176125 0.1223695 0.1058959 0.1968947 0.1320618 0.1400637 0.0824032 0.2719312 0.1344767 0.3458435 0.1292648 
OPHHO      0.2089715 0.2497363 0.1265958 0.1484129 0.1924336 0.1577206 0.1473833 0.1217890 0.2119234 0.1555009 0.1692290 0.1896250 0.1960130 0.2637283 0.1970948 0.1470288 0.2596311 0.1846790 0.1326191 0.2924080 0.1408854 0.3448570 0.1379204 0.1381609 0.1571049 0.2174755 0.3000960 0.2025678 0.1913997 0.1842765 0.1392536 0.0000000 0.1421874 0.1643852 0.1534357 0.1376430 0.2264628 0.1655247 0.1744580 0.1274844 0.3086888 0.1669674 0.3786691 0.1576893 
PELCR      0.1850304 0.2194014 0.0829863 0.1176027 0.1668382 0.1309230 0.1202844 0.0965026 0.1868597 0.1259594 0.1401413 0.1604071 0.1676633 0.2380537 0.1700976 0.1000069 0.2284334 0.1601286 0.0889738 0.2657091 0.1027694 0.3209430 0.1145848 0.1146982 0.1309954 0.1923749 0.2712097 0.1794194 0.1650764 0.1585444 0.0943686 0.1421874 0.0000000 0.1188132 0.1226747 0.1049687 0.1997100 0.1332895 0.1431442 0.0840507 0.2727606 0.1337143 0.3429933 0.1291084 
PHACA      0.2063527 0.2426706 0.1067707 0.1405524 0.1878390 0.1545839 0.1449901 0.1166672 0.2064174 0.1506454 0.1613308 0.1844551 0.1904584 0.2590808 0.1912811 0.1253505 0.2520124 0.1828841 0.1114198 0.2849881 0.1257066 0.3424871 0.1351629 0.1356585 0.1544597 0.2172765 0.2877769 0.1991358 0.1875414 0.1777529 0.1176125 0.1643852 0.1188132 0.0000000 0.1446848 0.1278878 0.2207608 0.1549027 0.1630679 0.1064260 0.2961835 0.1571806 0.3651428 0.1543242 
PHALE      0.1908922 0.2279217 0.1068575 0.1340209 0.1744229 0.1372474 0.1311084 0.1057162 0.1909804 0.1393915 0.1528725 0.1734853 0.1772314 0.2484337 0.1770493 0.1274681 0.2345385 0.1683275 0.1124896 0.2692025 0.1203491 0.3302823 0.1222349 0.1225175 0.1394965 0.2025259 0.2772156 0.1882523 0.1725153 0.1632909 0.1223695 0.1534357 0.1226747 0.1446848 0.0000000 0.1203994 0.2051785 0.1455110 0.1564104 0.1087863 0.2862405 0.1509041 0.3516431 0.1382282 
PHORU      0.1754022 0.2147223 0.0897308 0.1136228 0.1582214 0.1276854 0.1147689 0.0874986 0.1817247 0.1200514 0.1358503 0.1549195 0.1632131 0.2303294 0.1637411 0.1114894 0.2266830 0.1511739 0.0959068 0.2602375 0.1013359 0.3108040 0.1070425 0.1073218 0.1224273 0.1839001 0.2647324 0.1678863 0.1588829 0.1475250 0.1058959 0.1376430 0.1049687 0.1278878 0.1203994 0.0000000 0.1900017 0.1014948 0.1335110 0.0912327 0.2698174 0.1257945 0.3401411 0.1226975 
PICPU      0.2524758 0.3024483 0.1836843 0.2033970 0.2355556 0.2094507 0.1972179 0.1712250 0.2696916 0.2091542 0.2261106 0.2458832 0.2425517 0.3078416 0.2491242 0.2000651 0.3105139 0.2342368 0.1865251 0.3403107 0.1979182 0.3974699 0.1891472 0.1903461 0.2030714 0.2621059 0.3458553 0.2478530 0.2324925 0.2273606 0.1968947 0.2264628 0.1997100 0.2207608 0.2051785 0.1900017 0.0000000 0.2161075 0.2259255 0.1849761 0.3619398 0.2192124 0.4335813 0.2042479 
PODCR      0.2010022 0.2441129 0.1175199 0.1414239 0.1844553 0.1525846 0.1401375 0.1146695 0.2076612 0.1499283 0.1630161 0.1790580 0.1890726 0.2543707 0.1903827 0.1389989 0.2548791 0.1806965 0.1217956 0.2861668 0.1299145 0.3390826 0.1328620 0.1331231 0.1493760 0.2098758 0.2910574 0.1946251 0.1863729 0.1748634 0.1320618 0.1655247 0.1332895 0.1549027 0.1455110 0.1014948 0.2161075 0.0000000 0.1605518 0.1187528 0.2944511 0.1523938 0.3689003 0.1500177 
PTEGU      0.2110058 0.2478036 0.1271236 0.1499529 0.1914653 0.1633934 0.1510686 0.1245121 0.2193457 0.1590708 0.1698960 0.1864868 0.1973160 0.2621656 0.1967607 0.1478122 0.2554007 0.1875885 0.1313455 0.2918472 0.1384493 0.3413914 0.1427876 0.1431571 0.1569418 0.2182521 0.2987599 0.2052706 0.1933429 0.1816512 0.1400637 0.1744580 0.1431442 0.1630679 0.1564104 0.1335110 0.2259255 0.1605518 0.0000000 0.1273968 0.2991261 0.1634604 0.3726078 0.1579926 
PYGAD      0.1705385 0.2013137 0.0283955 0.1031608 0.1516716 0.1158472 0.1071107 0.0802942 0.1688450 0.1125296 0.1257812 0.1496499 0.1538491 0.2262288 0.1523635 0.0907875 0.2172284 0.1442675 0.0715367 0.2481371 0.0873351 0.3101943 0.0983450 0.0985878 0.1172536 0.1790079 0.2540572 0.1616419 0.1520772 0.1418690 0.0824032 0.1274844 0.0840507 0.1064260 0.1087863 0.0912327 0.1849761 0.1187528 0.1273968 0.0000000 0.2612703 0.1195560 0.3358235 0.1143896 
STRCA      0.3407207 0.3312044 0.2602873 0.2813105 0.3247513 0.2955580 0.2887449 0.2601434 0.3481456 0.2885186 0.3064976 0.3190840 0.3251801 0.3884369 0.3351952 0.2822822 0.3879508 0.3248737 0.2609071 0.3702025 0.2715918 0.4571925 0.2745555 0.2747227 0.2970110 0.3521989 0.3751228 0.3409489 0.3252768 0.3213282 0.2719312 0.3086888 0.2727606 0.2961835 0.2862405 0.2698174 0.3619398 0.2944511 0.2991261 0.2612703 0.0000000 0.2962889 0.2350746 0.2957079 
TAUER      0.2052575 0.2425078 0.1183351 0.1423519 0.1879866 0.1551802 0.1467912 0.1172101 0.2070298 0.1499802 0.1641628 0.1843721 0.1934032 0.2575811 0.1908390 0.1406578 0.2521826 0.1847015 0.1251394 0.2844130 0.1309485 0.3440076 0.1369146 0.1372531 0.1562947 0.2131648 0.2874488 0.2003909 0.1891643 0.1798440 0.1344767 0.1669674 0.1337143 0.1571806 0.1509041 0.1257945 0.2192124 0.1523938 0.1634604 0.1195560 0.2962889 0.0000000 0.3627379 0.1538408 
TINMA      0.4105466 0.4030476 0.3328367 0.3512201 0.3925432 0.3711858 0.3557138 0.3334306 0.4201055 0.3606978 0.3800968 0.3918446 0.3950423 0.4437465 0.4048065 0.3530666 0.4537934 0.4032389 0.3342820 0.4273944 0.3445201 0.5181148 0.3460890 0.3470130 0.3652859 0.4193244 0.4311869 0.4010702 0.3948029 0.3833147 0.3458435 0.3786691 0.3429933 0.3651428 0.3516431 0.3401411 0.4335813 0.3689003 0.3726078 0.3358235 0.2350746 0.3627379 0.0000000 0.3684355 
TYTAL      0.1920147 0.2351544 0.1145016 0.1392869 0.1760834 0.1437560 0.1302946 0.1036308 0.2017702 0.1428467 0.1588117 0.1813024 0.1768804 0.2516784 0.1859265 0.1341257 0.2488266 0.1668019 0.1188827 0.2841591 0.1266817 0.3408832 0.1212419 0.1220512 0.1411031 0.2021804 0.2889216 0.1848452 0.1744839 0.1625038 0.1292648 0.1576893 0.1291084 0.1543242 0.1382282 0.1226975 0.2042479 0.1500177 0.1579926 0.1143896 0.2957079 0.1538408 0.3684355 0.0000000 
